0.00029087066650390625
0.0014796257019042969
0.00011897087097167969
0.00047135353088378906
0.0008783340454101562
0.0008521080017089844
0.0017669200897216797
0.0051534175872802734
0.003567934036254883
0.0033721923828125
0.004156827926635742
0.003210783004760742
0.0009062290191650391
0.0027666091918945312
0.002189159393310547
0.0015780925750732422
0.0002925395965576172
7.486343383789062e-05
0.00026988983154296875
0.0018038749694824219
0.0008821487426757812
0.00026869773864746094
0.002896547317504883
0.005819797515869141
0.0013930797576904297
0.0003185272216796875
0.0002200603485107422
0.0008809566497802734
0.0009100437164306641
0.0008676052093505859
0.0002434253692626953
0.0028722286224365234
0.0011844635009765625
0.0021882057189941406
0.003467082977294922
0.0012187957763671875
0.0006229877471923828
0.0008523464202880859
0.003682851791381836
0.0015621185302734375
0.0013794898986816406
0.0011470317840576172
0.005513668060302734
0.0007793903350830078
0.0017113685607910156
0.006646871566772461
0.0008094310760498047
0.00020051002502441406
0.0027251243591308594
0.002907276153564453
0.015804290771484375
0.0007960796356201172
0.002383708953857422
0.0010905265808105469
0.0003368854522705078
0.00098419189453125
0.0010783672332763672
0.003734111785888672
0.00016927719116210938
0.0024106502532958984
0.0017745494842529297
0.00031948089599609375
0.0021364688873291016
0.0078046321868896484
0.0006999969482421875
0.0010101795196533203
0.0016651153564453125
0.002667665481567383
0.0007035732269287109
0.0023186206817626953
0.0004119873046875
0.0012562274932861328
0.0012929439544677734
0.001255035400390625
0.0031731128692626953
0.0006861686706542969
0.0038657188415527344
0.0015158653259277344
0.0012254714965820312
0.0010411739349365234
0.00017976760864257812
0.0026597976684570312
0.0016117095947265625
0.0009582042694091797
0.0006649494171142578
0.0019061565399169922
0.0008904933929443359
0.000308990478515625
0.0006766319274902344
0.003086566925048828
0.0009760856628417969
0.0018839836120605469
0.0016236305236816406
0.008394002914428711
0.0018227100372314453
0.0010592937469482422
0.0010306835174560547
0.0033380985260009766
0.002750873565673828
0.0015702247619628906
0.0007336139678955078
0.001953125
0.0018799304962158203
0.0013284683227539062
0.0020704269409179688
0.0048410892486572266
0.0032415390014648438
0.001184701919555664
0.0008869171142578125
0.0005807876586914062
0.000431060791015625
0.004663705825805664
0.0005488395690917969
0.0011222362518310547
0.0013880729675292969
0.0030095577239990234
0.0006780624389648438
0.001565694808959961
0.002709627151489258
0.0012676715850830078
0.010483264923095703
0.0024118423461914062
0.002887248992919922
0.0058901309967041016
0.0011551380157470703
0.0026597976684570312
0.0018017292022705078
0.0038213729858398438
0.0027604103088378906
0.0014121532440185547
0.00633692741394043
0.0008335113525390625
0.004200935363769531
0.002574920654296875
0.004131317138671875
0.0007817745208740234
0.0005893707275390625
0.0032482147216796875
0.0015971660614013672
0.0005011558532714844
0.00011134147644042969
0.0011832714080810547
0.0026383399963378906
0.0015058517456054688
0.0012176036834716797
0.003496885299682617
0.0045964717864990234
0.002448558807373047
0.0006182193756103516
0.0010128021240234375
0.002911090850830078
0.0016791820526123047
0.0009717941284179688
0.002218484878540039
0.0012264251708984375
0.00025534629821777344
0.003793478012084961
0.0025625228881835938
0.0025653839111328125
0.0002048015594482422
0.002040863037109375
0.0022432804107666016
0.0028467178344726562
0.0022008419036865234
0.0019028186798095703
0.0012736320495605469
0.009772062301635742
0.0008404254913330078
0.0009593963623046875
0.0016047954559326172
0.0068302154541015625
0.0020694732666015625
0.0012824535369873047
0.0010974407196044922
0.0016512870788574219
0.0007677078247070312
0.0026645660400390625
0.0021169185638427734
0.0009913444519042969
0.0018248558044433594
0.0014696121215820312
0.0018260478973388672
0.0009703636169433594
0.0021538734436035156
0.0014667510986328125
0.0007250308990478516
0.0017566680908203125
0.0003750324249267578
0.0007555484771728516
0.0021584033966064453
0.00048470497131347656
0.00404667854309082
0.0011954307556152344
0.0007028579711914062
0.001837015151977539
0.00572514533996582
0.0038700103759765625
0.0010623931884765625
0.0015988349914550781
0.002732992172241211
0.0004889965057373047
0.0008318424224853516
0.0015113353729248047
0.003180265426635742
0.003143310546875
0.00013017654418945312
0.0023250579833984375
0.0035538673400878906
0.0008969306945800781
0.0016598701477050781
0.0002472400665283203
0.005137920379638672
0.00174713134765625
0.002529144287109375
0.001016378402709961
0.0064547061920166016
0.0008351802825927734
0.0006875991821289062
0.0003895759582519531
0.0008673667907714844
0.0019044876098632812
0.0041201114654541016
0.0011780261993408203
0.0004420280456542969
0.007473945617675781
0.0020945072174072266
0.0024895668029785156
0.00986170768737793
0.0011470317840576172
0.004229545593261719
0.0007910728454589844
0.0034236907958984375
0.0010786056518554688
0.003756284713745117
0.001440286636352539
0.0006587505340576172
0.0012238025665283203
0.002263307571411133
0.0019266605377197266
0.000614166259765625
0.0004360675811767578
0.0012743473052978516
0.003233671188354492
0.001631021499633789
0.0025146007537841797
0.0025718212127685547
0.0008094310760498047
0.002525806427001953
0.007056236267089844
0.0007729530334472656
0.0018889904022216797
0.0033321380615234375
0.0016481876373291016
0.0010716915130615234
0.0023839473724365234
0.0011463165283203125
0.0017778873443603516
0.0066738128662109375
0.0015342235565185547
0.001024007797241211
0.009510278701782227
0.002281665802001953
0.0018210411071777344
0.0018944740295410156
0.0009894371032714844
0.0010459423065185547
0.010178327560424805
0.0021445751190185547
0.0005729198455810547
0.0002689361572265625
0.0034067630767822266
0.0036842823028564453
0.002193450927734375
0.0012524127960205078
0.0006389617919921875
0.0027256011962890625
0.006078958511352539
0.0011172294616699219
0.00023984909057617188
0.0008115768432617188
0.0001201629638671875
0.0014798641204833984
0.0004315376281738281
0.0018813610076904297
0.0012896060943603516
0.00039386749267578125
0.0007665157318115234
0.0017380714416503906
0.004024028778076172
0.0009171962738037109
0.0006895065307617188
0.000301361083984375
0.001516103744506836
0.005322456359863281
0.0014338493347167969
0.0011565685272216797
0.003003358840942383
0.0003871917724609375
0.004290580749511719
0.0006194114685058594
0.0013747215270996094
0.0005068778991699219
0.0011081695556640625
0.0015716552734375
0.0050220489501953125
0.002434253692626953
0.0008974075317382812
0.0010488033294677734
0.0014810562133789062
0.004246234893798828
0.0029234886169433594
0.0011219978332519531
0.0034279823303222656
0.004245758056640625
0.0018939971923828125
0.0009427070617675781
0.0007340908050537109
0.002227306365966797
0.0011548995971679688
0.0012898445129394531
0.00044035911560058594
0.0045070648193359375
0.00234222412109375
0.008416175842285156
0.0016756057739257812
0.0024690628051757812
0.0007226467132568359
0.0013511180877685547
0.00016617774963378906
0.0033240318298339844
0.0030410289764404297
0.0014805793762207031
0.0018727779388427734
9.298324584960938e-05
0.0017819404602050781
0.0006501674652099609
0.00540614128112793
0.0017080307006835938
0.0022797584533691406
0.0010602474212646484
0.0017917156219482422
0.0017452239990234375
0.0010349750518798828
0.0010712146759033203
0.0015876293182373047
0.001911163330078125
0.0015094280242919922
0.0011889934539794922
0.0022661685943603516
0.0015411376953125
0.00022530555725097656
0.0031893253326416016
0.000492095947265625
0.002008199691772461
0.005273342132568359
0.004827976226806641
0.0006213188171386719
0.0002837181091308594
0.0014107227325439453
0.003675699234008789
0.005012989044189453
0.001024007797241211
0.0004239082336425781
0.0006232261657714844
0.010800838470458984
0.0012409687042236328
0.0005679130554199219
0.0011353492736816406
0.002483367919921875
0.0070912837982177734
0.0005061626434326172
0.0016248226165771484
0.0005161762237548828
0.001720428466796875
0.003676176071166992
9.179115295410156e-05
0.00045990943908691406
0.000993490219116211
0.0006227493286132812
0.0019593238830566406
0.0013096332550048828
0.002569913864135742
0.0015025138854980469
0.0018472671508789062
0.001613616943359375
0.0006771087646484375
0.00016641616821289062
0.004982471466064453
0.002111196517944336
0.00069427490234375
0.00010609626770019531
0.003386259078979492
0.0017139911651611328
0.001054525375366211
0.0003020763397216797
0.0023131370544433594
0.0020835399627685547
0.001706838607788086
0.00041675567626953125
0.002008199691772461
0.0007987022399902344
0.0009350776672363281
0.0009970664978027344
0.0022575855255126953
0.0037937164306640625
0.0009503364562988281
0.0019445419311523438
0.002473592758178711
0.0015146732330322266
0.003016948699951172
0.0035729408264160156
0.0013267993927001953
0.0008251667022705078
0.0015401840209960938
0.0003025531768798828
0.0016243457794189453
0.002349376678466797
0.0004985332489013672
0.0008335113525390625
0.002599477767944336
0.0007777214050292969
0.0007860660552978516
0.0016078948974609375
0.0005841255187988281
0.001069784164428711
0.0012564659118652344
0.0029447078704833984
0.001497507095336914
0.0011343955993652344
0.0011217594146728516
0.0041086673736572266
0.0028009414672851562
0.0016624927520751953
0.005835294723510742
0.005763530731201172
0.0009145736694335938
0.0017728805541992188
0.0025784969329833984
0.0014545917510986328
0.0005764961242675781
0.0009133815765380859
0.0035202503204345703
0.006501674652099609
0.0013179779052734375
0.008310317993164062
0.00022935867309570312
0.0007195472717285156
0.0012753009796142578
0.0006802082061767578
0.0008037090301513672
0.004885435104370117
0.0037527084350585938
0.000990152359008789
0.0004425048828125
0.0028018951416015625
0.0011591911315917969
0.0020923614501953125
0.0033159255981445312
0.0008749961853027344
0.0008795261383056641
0.0003962516784667969
0.0035550594329833984
0.0038306713104248047
0.0019192695617675781
0.0024373531341552734
0.0033075809478759766
0.001081228256225586
0.0018982887268066406
0.004975795745849609
0.0017421245574951172
0.0007894039154052734
0.00016880035400390625
0.003434419631958008
0.000980377197265625
0.00286102294921875
0.0013957023620605469
0.0030052661895751953
0.0052492618560791016
0.0033919811248779297
0.00031948089599609375
0.002585887908935547
0.002422809600830078
0.0017523765563964844
0.00121307373046875
0.005310773849487305
0.0020890235900878906
0.001209259033203125
0.002035379409790039
0.0043087005615234375
0.001890420913696289
0.0025644302368164062
0.006854534149169922
0.003575563430786133
0.003252744674682617
0.008788108825683594
0.0020623207092285156
0.002308368682861328
0.0007123947143554688
0.006212711334228516
0.0004410743713378906
0.01590108871459961
0.0017952919006347656
0.01326441764831543
0.007910490036010742
0.014945268630981445
0.0035638809204101562
0.007903814315795898
0.005449056625366211
0.004469871520996094
0.009549140930175781
0.012459993362426758
0.010599136352539062
0.04928398132324219
0.0034770965576171875
0.0122222900390625
0.008920669555664062
0.005250692367553711
0.041626930236816406
0.01686692237854004
0.014081239700317383
0.006430625915527344
0.005942344665527344
0.012968063354492188
0.01782393455505371
0.0038378238677978516
0.015518665313720703
0.012080907821655273
0.0035314559936523438
0.011946439743041992
0.009412765502929688
0.013416051864624023
0.009508371353149414
0.004180192947387695
0.013777971267700195
0.008135795593261719
0.007361412048339844
0.006390571594238281
0.02196216583251953
0.008403539657592773
0.012383222579956055
0.0367889404296875
0.026681184768676758
0.0023238658905029297
0.017290592193603516
0.013324499130249023
0.014382362365722656
0.009485721588134766
0.008506536483764648
0.014928340911865234
0.00753021240234375
0.013264894485473633
0.008869409561157227
0.0076291561126708984
0.02172064781188965
0.028250694274902344
0.00525212287902832
0.006375551223754883
0.005752086639404297
0.007277727127075195
0.005185365676879883
0.009477853775024414
0.024149656295776367
0.009507894515991211
0.002704143524169922
0.022990942001342773
0.008677482604980469
0.005964040756225586
0.016872882843017578
0.011653423309326172
0.02092123031616211
0.01267242431640625
0.01354360580444336
0.009070396423339844
0.01785898208618164
0.014338016510009766
0.04324698448181152
0.02130413055419922
0.02187037467956543
0.0473475456237793
0.021573781967163086
0.006295204162597656
0.0008370876312255859
0.016201019287109375
0.0047245025634765625
0.005923032760620117
0.0069234371185302734
0.01248025894165039
0.012380838394165039
0.005897045135498047
0.017783641815185547
0.008516788482666016
0.017583847045898438
0.05035567283630371
0.008587360382080078
0.010438203811645508
0.013595342636108398
0.006756305694580078
0.0020830631256103516
0.008833885192871094
0.011403799057006836
0.011030197143554688
0.0005118846893310547
0.007707118988037109
0.014464378356933594
0.0193636417388916
0.011878013610839844
0.013355731964111328
0.015531539916992188
0.024265050888061523
0.01076650619506836
0.0035948753356933594
0.012456893920898438
0.008678674697875977
0.015368938446044922
0.014601469039916992
0.001149892807006836
0.005477428436279297
0.009320259094238281
0.012347221374511719
0.012505054473876953
0.0023751258850097656
0.00954127311706543
0.002446413040161133
0.013379812240600586
0.01127171516418457
0.005318164825439453
0.00874471664428711
0.014308929443359375
0.0037484169006347656
0.005523204803466797
0.007714033126831055
0.0025091171264648438
0.007318973541259766
0.010602712631225586
0.008474349975585938
0.01701045036315918
0.004678249359130859
0.006571769714355469
0.0053195953369140625
0.0075168609619140625
0.007676839828491211
0.015074968338012695
0.012446880340576172
0.004624128341674805
0.02106928825378418
0.013654947280883789
0.02438211441040039
0.013083696365356445
0.008113861083984375
0.00970149040222168
0.016906023025512695
0.006876230239868164
0.01662135124206543
0.014035224914550781
0.00018024444580078125
0.011287927627563477
0.03676342964172363
0.013721942901611328
0.004243373870849609
0.0075228214263916016
0.01750636100769043
0.012798070907592773
0.00946807861328125
0.010633468627929688
0.012206315994262695
0.007680416107177734
0.013376474380493164
0.00981903076171875
0.0018057823181152344
0.011346101760864258
0.008693695068359375
0.01840066909790039
0.01417684555053711
0.01882648468017578
0.012619495391845703
0.01705193519592285
0.028411865234375
0.008926868438720703
0.01139974594116211
0.010521173477172852
0.0006906986236572266
0.016000032424926758
0.007014036178588867
0.009540557861328125
0.014464616775512695
0.013738393783569336
0.008655548095703125
0.010945558547973633
0.005623579025268555
0.020023345947265625
0.001871347427368164
0.020467519760131836
0.005530357360839844
0.007707834243774414
0.007000923156738281
0.006268739700317383
0.019422531127929688
0.007387638092041016
0.006830692291259766
0.00832986831665039
0.01672649383544922
0.008578062057495117
0.014778852462768555
0.0049326419830322266
0.004679679870605469
0.0126953125
0.005918979644775391
0.015305280685424805
0.009601831436157227
0.011176109313964844
0.006753683090209961
0.005620718002319336
0.00057220458984375
0.0067288875579833984
0.0048999786376953125
0.00425410270690918
0.016136646270751953
0.011095762252807617
0.002627849578857422
0.007293701171875
0.004397869110107422
0.005084037780761719
0.014119863510131836
0.008828878402709961
0.020663976669311523
0.005750179290771484
0.011477947235107422
0.010768413543701172
0.004119396209716797
0.009538888931274414
0.0050699710845947266
0.01356959342956543
0.009026288986206055
0.0003352165222167969
0.015289068222045898
0.005996227264404297
0.017981529235839844
0.005420207977294922
0.011084556579589844
0.011879920959472656
0.015001296997070312
0.015749454498291016
0.028532743453979492
0.019321680068969727
0.031926870346069336
0.013564586639404297
0.013246774673461914
0.0051076412200927734
0.009054183959960938
0.016589641571044922
0.013371467590332031
0.004246711730957031
0.005018472671508789
0.006170749664306641
0.025929927825927734
0.013881921768188477
0.009761810302734375
0.013357877731323242
0.00601649284362793
0.00885462760925293
0.009300947189331055
0.014298677444458008
0.012882471084594727
0.005482673645019531
0.007944583892822266
0.010153055191040039
0.010751485824584961
0.010022640228271484
0.0002300739288330078
0.009522676467895508
0.0077435970306396484
0.003742694854736328
0.006101846694946289
0.0032215118408203125
0.019387483596801758
0.00467371940612793
0.017226219177246094
0.0239255428314209
0.007505893707275391
0.021518707275390625
0.0209200382232666
0.02333998680114746
0.012590169906616211
0.014837980270385742
0.0011057853698730469
0.009820938110351562
0.020981550216674805
0.003942966461181641
0.008263111114501953
0.012163400650024414
0.004454374313354492
0.01701951026916504
0.013179779052734375
0.01058053970336914
0.0073702335357666016
0.0013585090637207031
0.048941850662231445
0.012142181396484375
0.009822845458984375
0.01715874671936035
0.011698722839355469
0.012208700180053711
0.0172579288482666
0.029966354370117188
0.01418161392211914
0.004570484161376953
0.010163307189941406
0.010698556900024414
0.013461828231811523
0.01563739776611328
0.00974273681640625
0.010477304458618164
0.007916450500488281
0.012244462966918945
0.01130819320678711
0.015607118606567383
0.011725425720214844
0.00034332275390625
0.01767587661743164
0.005305290222167969
0.008324623107910156
0.009417295455932617
0.013208866119384766
0.003040790557861328
0.018860578536987305
0.0017883777618408203
0.016894102096557617
0.003785371780395508
0.014174461364746094
0.006268501281738281
0.0018756389617919922
0.005937099456787109
0.0021643638610839844
0.002917766571044922
0.008362770080566406
0.016158580780029297
0.037834882736206055
0.04775810241699219
0.004944324493408203
0.04923534393310547
0.0004353523254394531
0.013060331344604492
0.013380765914916992
0.0066814422607421875
0.027237653732299805
0.002940654754638672
0.016404151916503906
0.005630016326904297
0.0426638126373291
0.0046482086181640625
0.008642196655273438
0.006941080093383789
0.028811216354370117
0.023000717163085938
0.05387449264526367
0.024403810501098633
0.018789291381835938
0.01954197883605957
0.01457667350769043
0.011218547821044922
0.0319676399230957
0.0015263557434082031
0.015482187271118164
0.014901876449584961
0.05179095268249512
0.018032073974609375
0.06644821166992188
0.020191431045532227
0.00639653205871582
0.016887426376342773
0.011591672897338867
0.030574321746826172
0.01653122901916504
0.013170242309570312
0.006593942642211914
0.01958441734313965
0.019845008850097656
0.025740385055541992
0.024042129516601562
0.06350183486938477
0.03368735313415527
0.04942822456359863
0.031293630599975586
0.0595393180847168
0.020206689834594727
0.017182588577270508
0.03354501724243164
0.018457889556884766
0.018654823303222656
0.0005466938018798828
0.03337407112121582
0.021144628524780273
0.00047588348388671875
0.013985872268676758
0.01714301109313965
0.01295018196105957
0.03587818145751953
0.007842779159545898
0.017662525177001953
0.008866310119628906
0.004481077194213867
0.014002084732055664
0.00962686538696289
0.012328624725341797
0.01783013343811035
0.002095460891723633
0.010056495666503906
0.0056345462799072266
0.014060735702514648
0.02009892463684082
0.032768964767456055
0.00807642936706543
0.013640403747558594
0.01474142074584961
0.010805368423461914
0.013037919998168945
0.004865169525146484
0.011858701705932617
0.00646519660949707
0.006075382232666016
0.0043790340423583984
0.011910438537597656
0.015823841094970703
0.004061698913574219
0.004693031311035156
0.0028700828552246094
0.013338327407836914
0.004515886306762695
0.0046498775482177734
0.0023119449615478516
0.013111114501953125
0.027126789093017578
0.020287513732910156
0.004216670989990234
0.01796102523803711
0.013991832733154297
0.009016990661621094
0.011094093322753906
0.022873640060424805
0.015289783477783203
0.015120983123779297
0.02257561683654785
0.007091522216796875
0.007018089294433594
0.010621070861816406
0.009186506271362305
0.015817642211914062
0.006693601608276367
0.01186060905456543
0.016051054000854492
0.004439115524291992
0.005219936370849609
0.02005481719970703
0.017705678939819336
0.01478886604309082
0.03222990036010742
0.003255128860473633
0.009504079818725586
0.041040897369384766
0.042526960372924805
0.012016057968139648
0.009558677673339844
0.03022456169128418
0.06137990951538086
0.033468008041381836
0.04386186599731445
0.009186267852783203
0.010804414749145508
0.00912928581237793
0.006102323532104492
0.006502628326416016
0.007777690887451172
0.02260732650756836
0.004919528961181641
0.013535261154174805
0.008440256118774414
0.006418704986572266
0.007738828659057617
0.023390769958496094
0.00698399543762207
0.016578197479248047
0.017965316772460938
0.0444340705871582
0.01665639877319336
0.012762308120727539
0.01298213005065918
0.06995201110839844
0.011969566345214844
0.010397911071777344
0.007149696350097656
0.03003549575805664
0.025218486785888672
0.004712820053100586
0.00529932975769043
0.013774871826171875
0.006146907806396484
0.01050114631652832
0.013285398483276367
0.0033757686614990234
0.0005788803100585938
0.020100831985473633
0.02663898468017578
0.01229095458984375
0.026323795318603516
0.02860116958618164
0.04100990295410156
0.029674291610717773
0.02676558494567871
0.0010831356048583984
0.02508544921875
0.07025575637817383
0.034227848052978516
0.0336151123046875
0.023633718490600586
0.06201481819152832
0.06672883033752441
0.13382196426391602
0.2807774543762207
0.030373811721801758
0.045350074768066406
0.0461575984954834
0.06227684020996094
0.03508162498474121
0.07581758499145508
0.0996696949005127
0.08666563034057617
0.07563328742980957
0.02771449089050293
0.026055097579956055
0.0366060733795166
0.025307178497314453
0.060053348541259766
0.02197718620300293
0.030468225479125977
0.038190364837646484
0.09256362915039062
0.005143404006958008
0.019140243530273438
0.016169071197509766
0.017810583114624023
0.016678333282470703
0.032346487045288086
0.05929303169250488
0.040125131607055664
0.009244918823242188
0.07734465599060059
0.054479360580444336
0.027705907821655273
0.03362727165222168
0.023339271545410156
0.005378246307373047
0.03729605674743652
0.0326080322265625
0.01976943016052246
0.011055946350097656
0.032456398010253906
0.018134117126464844
0.00867319107055664
0.00718235969543457
0.052345991134643555
0.06909537315368652
0.04414725303649902
0.030153751373291016
0.039482831954956055
0.10849571228027344
0.03646421432495117
0.04009056091308594
0.02825450897216797
0.021179914474487305
0.11114120483398438
0.14029765129089355
0.04811429977416992
0.056589365005493164
0.014404296875
0.0005891323089599609
0.04146838188171387
0.038223981857299805
0.0385899543762207
0.037856101989746094
0.09407448768615723
0.047858476638793945
0.023342370986938477
0.023190021514892578
0.013209342956542969
0.019850730895996094
0.06321167945861816
0.02703261375427246
0.018831491470336914
0.028928041458129883
0.04129934310913086
0.025917768478393555
0.016384124755859375
0.0314786434173584
0.05228018760681152
0.02166128158569336
0.024715662002563477
0.0227816104888916
0.010833024978637695
0.01594090461730957
0.09650325775146484
0.02513599395751953
0.056621551513671875
0.05019021034240723
0.018793106079101562
0.05119800567626953
0.030350685119628906
0.014878988265991211
0.015974998474121094
0.02560567855834961
0.028990745544433594
0.02353191375732422
0.035624027252197266
0.011208057403564453
0.009843826293945312
0.01395416259765625
0.04096579551696777
0.026990175247192383
0.022000789642333984
0.0063474178314208984
0.03741741180419922
0.21063613891601562
0.04009127616882324
0.05008816719055176
0.026677846908569336
0.01678776741027832
0.03429269790649414
0.019190311431884766
0.030594348907470703
0.032181739807128906
0.06093645095825195
0.04629945755004883
0.031286001205444336
0.027459144592285156
0.015522003173828125
0.02764892578125
0.013665199279785156
0.06775045394897461
0.024839162826538086
0.015183210372924805
0.033943891525268555
0.03999972343444824
0.026157379150390625
0.11433863639831543
0.0475924015045166
0.02587890625
0.049239158630371094
0.0738060474395752
0.03637075424194336
0.04861640930175781
0.03986358642578125
0.009610652923583984
0.028533458709716797
0.0006380081176757812
0.037287235260009766
0.02370142936706543
0.08561539649963379
0.015059947967529297
0.033888816833496094
0.018700599670410156
0.029693126678466797
0.014686107635498047
0.13352608680725098
0.012581110000610352
0.05551624298095703
0.014182567596435547
0.006345033645629883
0.018817901611328125
0.00046133995056152344
0.022723674774169922
0.008534669876098633
0.034778594970703125
0.0036971569061279297
0.01973748207092285
0.04205822944641113
0.031699419021606445
0.06082296371459961
0.03007197380065918
0.02663564682006836
0.01768660545349121
0.00475001335144043
0.01955246925354004
0.01639699935913086
0.01568460464477539
0.02359938621520996
0.015711545944213867
0.017609596252441406
0.031633853912353516
0.026567697525024414
0.01727128028869629
0.04913043975830078
0.01770305633544922
0.05216789245605469
0.0646049976348877
0.05110597610473633
0.02081465721130371
0.0195004940032959
0.022002696990966797
0.005388498306274414
0.018027544021606445
0.0189206600189209
0.02554631233215332
0.03933072090148926
0.03297257423400879
0.04093790054321289
0.010552167892456055
0.022507190704345703
0.028818607330322266
0.009358882904052734
0.03924226760864258
0.057465553283691406
0.028882980346679688
0.023198843002319336
0.03257918357849121
0.012101888656616211
0.04028201103210449
0.04289984703063965
0.012599945068359375
0.017859697341918945
0.015877962112426758
0.015944480895996094
0.04604387283325195
0.032482147216796875
0.05970287322998047
0.04344296455383301
0.010443925857543945
0.014431238174438477
0.024700641632080078
0.046678781509399414
0.024840354919433594
0.03297781944274902
0.006798982620239258
0.03157639503479004
0.011675834655761719
0.0317537784576416
0.02101731300354004
0.020251750946044922
0.0053043365478515625
0.012645721435546875
0.014692544937133789
0.029727935791015625
0.034020423889160156
0.013799905776977539
0.029120683670043945
0.04021310806274414
0.027230024337768555
0.06098127365112305
0.02317976951599121
0.021491050720214844
0.017588376998901367
0.02842545509338379
0.00782012939453125
0.02214360237121582
0.02204751968383789
0.012084722518920898
0.011812686920166016
0.02042102813720703
0.025102853775024414
0.03591656684875488
0.012418031692504883
0.022832870483398438
0.04686689376831055
0.03295588493347168
0.041853904724121094
0.05278754234313965
0.05318498611450195
0.02332592010498047
0.02997136116027832
0.021401166915893555
0.011089563369750977
0.02573418617248535
0.013143777847290039
0.017703533172607422
0.015950918197631836
0.01027369499206543
0.0342259407043457
0.06786990165710449
0.02385234832763672
0.0202486515045166
0.030766010284423828
0.020398855209350586
0.028298139572143555
0.019648313522338867
0.0003960132598876953
0.04741954803466797
0.03370404243469238
0.03925657272338867
0.020244121551513672
0.03227639198303223
0.013705730438232422
0.021059751510620117
0.02410721778869629
0.03125286102294922
0.028405427932739258
0.04090070724487305
0.02300572395324707
0.05228543281555176
0.014379739761352539
0.053375244140625
0.04940938949584961
0.017400026321411133
0.013359308242797852
0.03496098518371582
0.016384124755859375
0.00689697265625
0.028078794479370117
0.025141477584838867
0.021717309951782227
0.0426945686340332
0.04732179641723633
0.0972282886505127
0.015954256057739258
0.03904461860656738
0.10932230949401855
0.19054603576660156
0.0036401748657226562
0.06455302238464355
0.026325225830078125
0.059328317642211914
0.014290809631347656
0.10211467742919922
0.02591252326965332
0.03506159782409668
0.04178738594055176
0.018079280853271484
0.03345847129821777
0.020552396774291992
0.058870553970336914
0.022023916244506836
0.02476978302001953
0.028233051300048828
0.05739092826843262
0.035425424575805664
0.01721477508544922
0.013675689697265625
0.06052446365356445
0.02261829376220703
0.08841896057128906
0.045903921127319336
0.11214590072631836
0.051662445068359375
0.05651402473449707
0.05016469955444336
0.02590489387512207
0.058902740478515625
0.06334567070007324
0.03320455551147461
0.03773307800292969
0.030312299728393555
0.03401494026184082
0.016473770141601562
0.03270435333251953
0.09803605079650879
0.02396559715270996
0.0276029109954834
0.06752967834472656
0.047387123107910156
0.021847963333129883
0.04456353187561035
0.017658472061157227
0.016457796096801758
0.029486894607543945
0.026621341705322266
0.04539299011230469
0.0157015323638916
0.021750688552856445
0.02003622055053711
0.026343584060668945
0.02228260040283203
0.004746437072753906
0.034287214279174805
0.02909398078918457
0.022238731384277344
0.029857158660888672
0.07648539543151855
0.056392669677734375
0.020569324493408203
0.0438542366027832
0.010133504867553711
0.03944849967956543
0.016398191452026367
0.025597810745239258
0.019654273986816406
0.01773524284362793
0.015585660934448242
0.020317554473876953
0.03310513496398926
0.011384963989257812
0.04478907585144043
0.05212283134460449
0.05518937110900879
0.013768911361694336
0.026765108108520508
0.012814044952392578
0.013619184494018555
0.025935649871826172
0.09117007255554199
0.01832890510559082
0.026387453079223633
0.014286994934082031
0.025742292404174805
0.01774430274963379
0.02731800079345703
0.02238917350769043
0.01678013801574707
0.04829740524291992
0.10567975044250488
0.05684542655944824
0.008746147155761719
0.022924423217773438
0.02473735809326172
0.005834341049194336
0.01465606689453125
0.02947831153869629
0.033513784408569336
0.07250380516052246
0.025879383087158203
0.014530420303344727
0.011660575866699219
0.03327059745788574
0.046903371810913086
0.0502169132232666
0.016246795654296875
0.0405881404876709
0.04737043380737305
0.02903008460998535
0.022749900817871094
0.03132367134094238
0.015773534774780273
0.017032384872436523
0.02136826515197754
0.035910844802856445
0.022067546844482422
0.019707679748535156
0.04021453857421875
0.01613306999206543
0.02734971046447754
0.01644158363342285
0.020285606384277344
0.02762579917907715
0.042801856994628906
0.034384965896606445
0.07058334350585938
0.03550219535827637
0.0289461612701416
0.02386927604675293
0.014192342758178711
0.014925479888916016
0.03194570541381836
0.013896465301513672
0.011194944381713867
0.013071537017822266
0.0437467098236084
0.00743412971496582
0.07599353790283203
0.04413914680480957
0.051152706146240234
0.04844546318054199
0.05751657485961914
0.029778003692626953
0.02703094482421875
0.14200234413146973
0.07779860496520996
0.13161897659301758
0.022258281707763672
0.09423136711120605
0.037764787673950195
0.013361692428588867
0.04324650764465332
0.014458656311035156
0.032021284103393555
0.03177142143249512
0.011149883270263672
0.014069080352783203
0.015069246292114258
0.023520946502685547
0.019731521606445312
0.03375053405761719
0.03238654136657715
0.016941070556640625
0.022243499755859375
0.00976705551147461
0.04878854751586914
0.044002532958984375
0.014915227890014648
0.03516077995300293
0.03434252738952637
0.010572433471679688
0.026211023330688477
0.042867422103881836
0.04232525825500488
0.020185232162475586
0.019641637802124023
0.037962913513183594
0.04410147666931152
0.041278839111328125
0.0284421443939209
0.010959625244140625
0.07094383239746094
0.08352494239807129
0.023437976837158203
