0.0003237724304199219
0.0003046989440917969
0.0003895759582519531
0.0002493858337402344
0.0008828639984130859
0.0002636909484863281
0.0006477832794189453
0.0010263919830322266
0.00045752525329589844
0.00531458854675293
0.0015518665313720703
0.0006024837493896484
0.00034928321838378906
0.00021696090698242188
0.0003094673156738281
0.0007371902465820312
0.00010967254638671875
0.00012993812561035156
9.417533874511719e-05
0.000339508056640625
0.0004954338073730469
0.0005221366882324219
0.0006995201110839844
0.00044918060302734375
0.00029659271240234375
0.0002040863037109375
0.00010061264038085938
0.000324249267578125
0.0002548694610595703
0.00063323974609375
0.0002486705780029297
0.0002639293670654297
0.00035572052001953125
0.0006861686706542969
0.0006392002105712891
0.002487659454345703
0.0002453327178955078
0.0006208419799804688
0.0005755424499511719
0.0003705024719238281
0.0002040863037109375
0.00038623809814453125
0.000766754150390625
0.000362396240234375
0.00045037269592285156
0.0015759468078613281
0.00040650367736816406
0.0001964569091796875
0.0011444091796875
0.0008225440979003906
0.00238800048828125
0.00032711029052734375
0.003054380416870117
0.0003299713134765625
0.00025582313537597656
0.0004143714904785156
0.0003261566162109375
0.003841876983642578
0.00021386146545410156
0.0005807876586914062
0.0003032684326171875
0.00012063980102539062
0.0005865097045898438
0.0006737709045410156
0.00030541419982910156
0.00034546852111816406
0.0004734992980957031
0.0008058547973632812
0.00017404556274414062
0.0003237724304199219
0.0003726482391357422
0.00021195411682128906
0.0005078315734863281
0.0006215572357177734
0.00052642822265625
0.0001971721649169922
0.0005276203155517578
0.0005774497985839844
0.00034499168395996094
0.00034499168395996094
8.296966552734375e-05
0.0008990764617919922
0.0003314018249511719
0.000247955322265625
0.0004477500915527344
0.0006470680236816406
0.0003237724304199219
0.00019359588623046875
0.0006144046783447266
0.0005397796630859375
0.0006310939788818359
0.0005352497100830078
0.0006082057952880859
0.0005631446838378906
0.0003345012664794922
0.0002884864807128906
0.0003070831298828125
0.0003781318664550781
0.0007331371307373047
0.0008969306945800781
0.0002923011779785156
0.0005841255187988281
0.0005030632019042969
0.000324249267578125
0.0009567737579345703
0.0006585121154785156
0.0004355907440185547
0.0002052783966064453
0.0005893707275390625
0.0002448558807373047
0.0002162456512451172
0.00061798095703125
0.0002923011779785156
0.0004334449768066406
0.0002315044403076172
0.0006055831909179688
0.00045037269592285156
0.0006365776062011719
0.0005476474761962891
0.00022530555725097656
0.001188516616821289
0.0005745887756347656
0.00048041343688964844
0.0006825923919677734
0.00030422210693359375
0.0006084442138671875
0.000537872314453125
0.0005357265472412109
0.0012679100036621094
0.0006291866302490234
0.002432107925415039
0.00014972686767578125
0.0011091232299804688
0.0005331039428710938
0.000568389892578125
0.0003085136413574219
0.0003235340118408203
0.0003132820129394531
0.0005648136138916016
0.0013871192932128906
0.00042128562927246094
0.0015621185302734375
0.0013990402221679688
0.000324249267578125
0.00041794776916503906
0.0015842914581298828
0.0005781650543212891
0.000476837158203125
0.00037407875061035156
0.00041365623474121094
0.00042819976806640625
0.0007395744323730469
0.0003414154052734375
0.0008032321929931641
0.0003235340118408203
0.0008053779602050781
0.0005166530609130859
0.0005371570587158203
0.0005555152893066406
0.0006227493286132812
0.0004286766052246094
0.0007517337799072266
0.0007641315460205078
0.00038623809814453125
0.0014281272888183594
0.0002460479736328125
0.0007226467132568359
0.0001933574676513672
0.00035381317138671875
0.0004489421844482422
0.00028014183044433594
0.000213623046875
0.00041556358337402344
0.00037860870361328125
0.0003116130828857422
0.0005829334259033203
0.00039839744567871094
0.0003249645233154297
0.00040268898010253906
0.0003609657287597656
0.0011463165283203125
0.000308990478515625
0.0003113746643066406
0.0009789466857910156
0.0006382465362548828
0.00046515464782714844
0.000217437744140625
0.00022339820861816406
0.00025343894958496094
0.00024962425231933594
0.00023174285888671875
0.0021152496337890625
0.0005290508270263672
0.00035309791564941406
0.0007529258728027344
0.00185394287109375
0.0005786418914794922
0.0003135204315185547
0.0007419586181640625
0.0003898143768310547
0.0007607936859130859
0.0007269382476806641
0.0002980232238769531
0.0003495216369628906
0.0008041858673095703
0.0003368854522705078
0.002582550048828125
0.0009560585021972656
0.00018930435180664062
0.0006506443023681641
0.0001323223114013672
0.0014510154724121094
0.0008401870727539062
0.0004596710205078125
0.0003666877746582031
0.0006201267242431641
0.0002105236053466797
0.00055694580078125
0.00019240379333496094
0.0002574920654296875
0.0003070831298828125
0.0005373954772949219
0.0006439685821533203
0.0002071857452392578
0.003276824951171875
0.0005521774291992188
0.0013425350189208984
0.0007696151733398438
0.000431060791015625
0.003473043441772461
0.00030040740966796875
0.00045561790466308594
0.00024390220642089844
0.00074005126953125
0.002119779586791992
0.00042819976806640625
0.0002810955047607422
0.0017154216766357422
0.0011854171752929688
0.00020956993103027344
0.0003044605255126953
0.0003859996795654297
0.0006568431854248047
0.0014545917510986328
0.0005562305450439453
0.00036215782165527344
0.0002167224884033203
0.0006237030029296875
0.0003616809844970703
0.0006082057952880859
0.0003399848937988281
0.00030422210693359375
0.0005054473876953125
0.00023055076599121094
0.00043964385986328125
0.0005786418914794922
0.0007140636444091797
0.0011799335479736328
0.00026535987854003906
0.00034499168395996094
0.0004322528839111328
0.0004825592041015625
0.0007138252258300781
0.000492095947265625
0.0004730224609375
0.0005278587341308594
0.0006232261657714844
0.0003407001495361328
0.0003800392150878906
0.0004661083221435547
0.0006711483001708984
0.0010530948638916016
0.0002827644348144531
0.0003294944763183594
0.0002455711364746094
0.0004830360412597656
0.0006425380706787109
0.00023174285888671875
0.0001728534698486328
0.0002620220184326172
0.00015306472778320312
0.0005066394805908203
0.00013113021850585938
0.00043463706970214844
0.00027632713317871094
0.00013685226440429688
0.00013899803161621094
0.0006654262542724609
0.0005848407745361328
0.0005462169647216797
0.00021696090698242188
0.00040268898010253906
0.0002560615539550781
0.0008363723754882812
0.0002675056457519531
0.0007767677307128906
0.0007569789886474609
0.000942230224609375
0.0005362033843994141
0.00026702880859375
0.0002751350402832031
0.00017380714416503906
0.0004646778106689453
0.000736236572265625
0.0005335807800292969
0.00019121170043945312
0.0004374980926513672
0.0002620220184326172
0.0004374980926513672
0.0005216598510742188
0.0005140304565429688
0.00032138824462890625
0.0005590915679931641
0.00035309791564941406
0.0003132820129394531
0.00040912628173828125
0.0003807544708251953
0.0008208751678466797
0.0002925395965576172
0.00017547607421875
0.00020265579223632812
0.0005223751068115234
0.000324249267578125
0.0002684593200683594
0.00026988983154296875
0.0007202625274658203
0.00022172927856445312
0.0004227161407470703
0.00031256675720214844
0.00036144256591796875
0.0003578662872314453
0.0002865791320800781
0.0006947517395019531
0.0001811981201171875
0.0005669593811035156
0.0003864765167236328
0.0005376338958740234
0.0005521774291992188
0.0008819103240966797
0.00026345252990722656
0.0010592937469482422
0.00042438507080078125
0.0006811618804931641
0.0002880096435546875
0.0005900859832763672
0.0012335777282714844
0.00045871734619140625
0.00029015541076660156
0.00023937225341796875
0.0003674030303955078
0.0003387928009033203
0.0004425048828125
0.00016927719116210938
0.0002639293670654297
0.0019636154174804688
0.0006530284881591797
0.00013589859008789062
0.00017976760864257812
0.0005505084991455078
0.0004181861877441406
0.0005269050598144531
0.0005006790161132812
0.00017714500427246094
0.0002548694610595703
0.0003864765167236328
0.0006911754608154297
0.00024890899658203125
0.0003247261047363281
0.0008256435394287109
0.00028514862060546875
0.00025773048400878906
0.0006046295166015625
0.00012946128845214844
0.0002200603485107422
0.0009067058563232422
0.0002186298370361328
0.00029349327087402344
0.0001888275146484375
0.0002028942108154297
0.0005037784576416016
0.0006868839263916016
0.0005016326904296875
0.0009434223175048828
0.0003566741943359375
0.00033593177795410156
0.0002002716064453125
0.0003845691680908203
0.0007190704345703125
0.0003008842468261719
0.0002682209014892578
0.00020360946655273438
0.0005230903625488281
0.0006041526794433594
0.00024771690368652344
0.00023317337036132812
0.0002779960632324219
0.00021409988403320312
0.00040221214294433594
0.00024318695068359375
0.0009591579437255859
0.00045371055603027344
0.00014710426330566406
0.0005016326904296875
0.0003533363342285156
0.0010645389556884766
0.00026869773864746094
0.00032019615173339844
0.00027370452880859375
0.0003917217254638672
0.0006794929504394531
0.0005023479461669922
0.0002880096435546875
0.0005390644073486328
0.00028252601623535156
0.0004146099090576172
0.0004367828369140625
0.000377655029296875
0.0002448558807373047
0.00020432472229003906
0.00041985511779785156
0.0004906654357910156
0.0003254413604736328
0.0003509521484375
0.0003364086151123047
0.0003001689910888672
0.0006375312805175781
0.00043892860412597656
0.0004889965057373047
0.00042128562927246094
0.0004150867462158203
0.0005650520324707031
0.0005517005920410156
0.0005524158477783203
0.002183198928833008
0.0006976127624511719
0.0005600452423095703
0.0005779266357421875
0.0024726390838623047
0.0005669593811035156
0.0004038810729980469
0.0003097057342529297
0.0017523765563964844
0.0004508495330810547
0.003175973892211914
0.001222848892211914
0.0002722740173339844
0.0015583038330078125
0.00032258033752441406
0.00022792816162109375
0.0002818107604980469
0.0005433559417724609
0.0009086132049560547
0.00035381317138671875
0.0004813671112060547
0.0005998611450195312
0.0009124279022216797
0.0007457733154296875
0.0013158321380615234
0.0001976490020751953
0.0004703998565673828
0.0002219676971435547
0.002498149871826172
0.0004932880401611328
0.00033664703369140625
0.0015079975128173828
0.0006263256072998047
0.0009167194366455078
0.001100778579711914
0.0009899139404296875
0.0007219314575195312
0.0003132820129394531
0.0004756450653076172
0.0005588531494140625
0.0005648136138916016
0.0003445148468017578
0.0005159378051757812
0.0017113685607910156
0.0005571842193603516
0.0008008480072021484
0.0002048015594482422
0.0032677650451660156
0.0006203651428222656
0.0011293888092041016
0.00029754638671875
0.001878499984741211
0.0006725788116455078
0.0003261566162109375
0.000255584716796875
0.0002465248107910156
0.0018274784088134766
0.0003838539123535156
0.0010333061218261719
0.0004036426544189453
0.00029778480529785156
0.0002739429473876953
0.0013821125030517578
0.0009179115295410156
0.0002677440643310547
0.0005915164947509766
0.00045990943908691406
0.00447535514831543
0.0012760162353515625
0.0019502639770507812
0.0018706321716308594
0.0012662410736083984
0.0007367134094238281
0.0024213790893554688
0.0027153491973876953
0.0014257431030273438
0.0023899078369140625
0.002179384231567383
0.002744913101196289
0.0019288063049316406
0.0018856525421142578
0.002011537551879883
0.0031211376190185547
0.0037717819213867188
0.002009153366088867
0.00559687614440918
0.0026581287384033203
0.003854036331176758
0.0022919178009033203
0.0017175674438476562
0.005852222442626953
0.0019211769104003906
0.00292205810546875
0.0027573108673095703
0.001676797866821289
0.001153707504272461
0.0009243488311767578
0.00115966796875
0.0028791427612304688
0.003210306167602539
0.004637002944946289
0.007620096206665039
0.0013380050659179688
0.004456043243408203
0.00189208984375
0.002044200897216797
0.005084037780761719
0.011385202407836914
0.008961200714111328
0.0022728443145751953
0.003358125686645508
0.0028705596923828125
0.0064737796783447266
0.005184173583984375
0.004601955413818359
0.003920316696166992
0.0018086433410644531
0.0024216175079345703
0.0011136531829833984
0.0020401477813720703
0.003057718276977539
0.008275270462036133
0.0034329891204833984
0.0051157474517822266
0.0008149147033691406
0.0031671524047851562
0.00531458854675293
0.004151344299316406
0.008350610733032227
0.004358768463134766
0.0015900135040283203
0.0018792152404785156
0.006179094314575195
0.005490541458129883
0.001667022705078125
0.001764059066772461
0.006251335144042969
0.0012056827545166016
0.002386808395385742
0.0024755001068115234
0.0030312538146972656
0.003736734390258789
0.005417585372924805
0.0025963783264160156
0.0028553009033203125
0.0019295215606689453
0.003024578094482422
0.004745960235595703
0.001665353775024414
0.00231170654296875
0.001493215560913086
0.0029420852661132812
0.003587484359741211
0.01063680648803711
0.0029468536376953125
0.003591299057006836
0.003779888153076172
0.010057687759399414
0.004096269607543945
0.0030956268310546875
0.0015752315521240234
0.0020394325256347656
0.002202749252319336
0.0013267993927001953
0.002157449722290039
0.002451658248901367
0.0036127567291259766
0.0057756900787353516
0.0031189918518066406
0.0027391910552978516
0.00414729118347168
0.010217428207397461
0.0015230178833007812
0.004364728927612305
0.0027425289154052734
0.003186464309692383
0.0011434555053710938
0.010215044021606445
0.003216981887817383
0.0030634403228759766
0.006304740905761719
0.0043637752532958984
0.0006771087646484375
0.0034372806549072266
0.0031690597534179688
0.001961231231689453
0.002031087875366211
0.0027801990509033203
0.0010657310485839844
0.0013859272003173828
0.0025625228881835938
0.0025186538696289062
0.0014789104461669922
0.0020627975463867188
0.0019528865814208984
0.004282712936401367
0.0012011528015136719
0.0013036727905273438
0.001359701156616211
0.0015163421630859375
0.002064228057861328
0.0011096000671386719
0.0016553401947021484
0.00619196891784668
0.003385782241821289
0.0022482872009277344
0.0016989707946777344
0.0010263919830322266
0.0023393630981445312
0.0022156238555908203
0.0024170875549316406
0.003098726272583008
0.0014977455139160156
0.00232696533203125
0.003036022186279297
0.0012614727020263672
0.0016026496887207031
0.0029113292694091797
0.001199960708618164
0.0013113021850585938
0.004601240158081055
0.0007104873657226562
0.002793550491333008
0.006718873977661133
0.0039730072021484375
0.003394603729248047
0.001329660415649414
0.0037386417388916016
0.005266666412353516
0.007603883743286133
0.001226663589477539
0.0012340545654296875
0.0041997432708740234
0.0023450851440429688
0.0008606910705566406
0.0013496875762939453
0.0014960765838623047
0.0013494491577148438
0.0012981891632080078
0.002806425094604492
0.006223201751708984
0.003412008285522461
0.003824949264526367
0.002364635467529297
0.0022192001342773438
0.0063707828521728516
0.0014495849609375
0.005239725112915039
0.00483250617980957
0.005038022994995117
0.005959749221801758
0.002259969711303711
0.006083488464355469
0.006269693374633789
0.0023140907287597656
0.0022873878479003906
0.0014753341674804688
0.004303932189941406
0.0026471614837646484
0.0008480548858642578
0.0009450912475585938
0.0012793540954589844
0.0017676353454589844
0.0013675689697265625
0.0016684532165527344
0.0012226104736328125
0.001435995101928711
0.0015594959259033203
0.0013775825500488281
0.001867532730102539
0.003964424133300781
0.00226593017578125
0.0034105777740478516
0.0055730342864990234
0.0015110969543457031
0.0029544830322265625
0.002535581588745117
0.001264333724975586
0.0010004043579101562
0.0008096694946289062
0.0015833377838134766
0.0015041828155517578
0.003175973892211914
0.002211332321166992
0.006089687347412109
0.0007443428039550781
0.0042877197265625
0.004090070724487305
0.002918720245361328
0.002181529998779297
0.006647825241088867
0.0012569427490234375
0.0013918876647949219
0.0019333362579345703
0.00301361083984375
0.0021486282348632812
0.0038013458251953125
0.0028951168060302734
0.004239320755004883
0.004294157028198242
0.00116729736328125
0.002981424331665039
0.001314401626586914
0.0019485950469970703
0.0014286041259765625
0.0035195350646972656
0.0015091896057128906
0.011112689971923828
0.004958629608154297
0.009388446807861328
0.003627777099609375
0.008948564529418945
0.0020830631256103516
0.0032699108123779297
0.0021245479583740234
0.0016205310821533203
0.005392551422119141
0.005364894866943359
0.0031163692474365234
0.001505136489868164
0.0017151832580566406
0.003284931182861328
0.003956317901611328
0.0026094913482666016
0.005501985549926758
0.0030975341796875
0.0015020370483398438
0.0010721683502197266
0.004548311233520508
0.003222942352294922
0.003633737564086914
0.0011589527130126953
0.00225067138671875
0.0013167858123779297
0.0009496212005615234
0.0009918212890625
0.002387523651123047
0.0028252601623535156
0.00153350830078125
0.0031690597534179688
0.001491546630859375
0.0023097991943359375
0.001786947250366211
0.0025031566619873047
0.0021696090698242188
0.00449061393737793
0.0028028488159179688
0.003797292709350586
0.004007101058959961
0.0011513233184814453
0.0015120506286621094
0.0004401206970214844
0.002366781234741211
0.004189491271972656
0.0006315708160400391
0.0017588138580322266
0.0021293163299560547
0.002440929412841797
0.002650022506713867
0.0027086734771728516
0.002269744873046875
0.0015454292297363281
0.0009365081787109375
0.003901958465576172
0.005807638168334961
0.004984617233276367
0.005807161331176758
0.003732442855834961
0.0035636425018310547
0.002396821975708008
0.0011184215545654297
0.0017490386962890625
0.002372264862060547
0.0047817230224609375
0.006411075592041016
0.0070514678955078125
0.003614664077758789
0.001531362533569336
0.0031354427337646484
0.001558542251586914
0.0022988319396972656
0.004179954528808594
0.0032896995544433594
0.00202178955078125
0.006170034408569336
0.0042591094970703125
0.004218101501464844
0.0023975372314453125
0.006809234619140625
0.0011632442474365234
0.003780841827392578
0.0017189979553222656
0.0022439956665039062
0.0047397613525390625
0.0017712116241455078
0.002337932586669922
0.0010590553283691406
0.0022280216217041016
0.0024077892303466797
0.0014929771423339844
0.0014920234680175781
0.003804922103881836
0.005424022674560547
0.006235837936401367
0.0034384727478027344
0.002947092056274414
0.004807949066162109
0.002141714096069336
0.001501321792602539
0.0027399063110351562
0.009405374526977539
0.0017464160919189453
0.0014538764953613281
0.0016303062438964844
0.0006926059722900391
0.0025870800018310547
0.0036919116973876953
0.012717485427856445
0.009254932403564453
0.0037071704864501953
0.010982513427734375
0.006397247314453125
0.002834320068359375
0.009264469146728516
0.006748676300048828
0.013431310653686523
0.0026633739471435547
0.001219034194946289
0.0010995864868164062
0.0032951831817626953
0.0016298294067382812
0.004540681838989258
0.0007741451263427734
0.0077495574951171875
0.011465311050415039
0.006998777389526367
0.005870342254638672
0.005316495895385742
0.002330780029296875
0.0019533634185791016
0.0018973350524902344
0.004279613494873047
0.0032134056091308594
0.001645803451538086
0.0019457340240478516
0.013437986373901367
0.015879392623901367
0.012147188186645508
0.015621185302734375
0.014518022537231445
0.014476537704467773
0.011150836944580078
0.0035653114318847656
0.011589765548706055
0.0029714107513427734
0.008835315704345703
0.0028443336486816406
0.00693821907043457
0.0014576911926269531
0.0012364387512207031
0.004364728927612305
0.003543853759765625
0.0021767616271972656
0.0019571781158447266
0.0017249584197998047
0.001678466796875
0.0009684562683105469
0.006834983825683594
0.003572225570678711
0.0063304901123046875
0.0019412040710449219
0.0049211978912353516
0.0011806488037109375
0.003527402877807617
0.001588582992553711
0.0032799243927001953
0.00681614875793457
0.0017783641815185547
0.0012080669403076172
0.0029277801513671875
0.001965045928955078
0.002432584762573242
0.0022482872009277344
0.0011217594146728516
0.0012249946594238281
0.004146099090576172
0.006911277770996094
0.0015125274658203125
0.0011012554168701172
0.0019257068634033203
0.0011587142944335938
0.0026738643646240234
0.0009613037109375
0.0034666061401367188
0.0028383731842041016
0.0017919540405273438
0.0013260841369628906
0.0036275386810302734
0.0043065547943115234
0.005248308181762695
0.0033283233642578125
0.002031087875366211
0.003168344497680664
0.00634455680847168
0.0019686222076416016
0.007022380828857422
0.0018129348754882812
0.001806497573852539
0.00202178955078125
0.0012295246124267578
0.004943132400512695
0.004049539566040039
0.003206491470336914
0.004433393478393555
0.012305974960327148
0.0027191638946533203
0.0055696964263916016
0.007363080978393555
0.0069615840911865234
0.002312898635864258
0.002324342727661133
0.004240751266479492
0.002574920654296875
0.0020377635955810547
0.005539894104003906
0.011382579803466797
0.0053446292877197266
0.0014414787292480469
0.004854679107666016
0.01562643051147461
0.005868196487426758
0.002359628677368164
0.0019533634185791016
0.0016133785247802734
0.0015935897827148438
0.0022797584533691406
0.0021321773529052734
0.0027840137481689453
0.0025167465209960938
0.0025763511657714844
0.003637075424194336
0.0018138885498046875
0.0031807422637939453
0.0019638538360595703
0.0017099380493164062
0.015682697296142578
0.013187885284423828
0.013944149017333984
0.014950275421142578
0.002208232879638672
0.0018532276153564453
0.003565073013305664
0.006333589553833008
0.0028154850006103516
0.003227710723876953
0.0053598880767822266
0.008889198303222656
0.004679441452026367
0.005657672882080078
0.006579160690307617
0.0033953189849853516
0.004399776458740234
0.0038709640502929688
0.00408172607421875
0.0022611618041992188
0.0014798641204833984
0.0016367435455322266
0.011857032775878906
0.010106086730957031
0.013890504837036133
0.014225244522094727
0.004689216613769531
0.010091304779052734
0.0047070980072021484
0.0053369998931884766
0.002779722213745117
0.0234835147857666
0.034757375717163086
0.003425121307373047
0.014073848724365234
0.013334274291992188
0.010487079620361328
0.048302650451660156
0.059671640396118164
0.037702083587646484
0.010408401489257812
0.02032923698425293
0.016780853271484375
0.03256702423095703
0.029425859451293945
0.04154706001281738
0.0653848648071289
0.03251242637634277
0.007669210433959961
0.0041942596435546875
0.010677576065063477
0.006704092025756836
0.008996963500976562
0.018778562545776367
0.011874675750732422
0.019390344619750977
0.020165681838989258
0.009512186050415039
0.005603313446044922
0.011016130447387695
0.01316976547241211
0.004816770553588867
0.006976604461669922
0.013974428176879883
0.028095006942749023
0.013415813446044922
0.005427122116088867
0.010518550872802734
0.005065441131591797
0.013661623001098633
0.008347749710083008
0.012638568878173828
0.007325410842895508
0.005087852478027344
0.010841608047485352
0.009479761123657227
0.003329038619995117
0.009159326553344727
0.00982975959777832
0.006366252899169922
0.010595560073852539
0.04931235313415527
0.013209104537963867
0.0060842037200927734
0.021120309829711914
0.01927947998046875
0.005775928497314453
0.006446123123168945
0.010791778564453125
0.015605688095092773
0.016811370849609375
0.04899406433105469
0.05017256736755371
0.021297931671142578
0.012560844421386719
0.0038270950317382812
0.015726089477539062
0.017684459686279297
0.02169942855834961
0.022798538208007812
0.0077936649322509766
0.021750688552856445
0.014278173446655273
0.012001514434814453
0.002421855926513672
0.011713266372680664
0.005199909210205078
0.0048253536224365234
0.012627601623535156
0.005959272384643555
0.006257772445678711
0.00978231430053711
0.006351470947265625
0.01211404800415039
0.009346246719360352
0.002851247787475586
0.003718137741088867
0.01393580436706543
0.013405561447143555
0.004408359527587891
0.010029077529907227
0.007840156555175781
0.010002851486206055
0.010128259658813477
0.007412910461425781
0.008267879486083984
0.013291597366333008
0.004670381546020508
0.0028803348541259766
0.005945920944213867
0.008466482162475586
0.010283708572387695
0.005820512771606445
0.01386260986328125
0.006569862365722656
0.005269289016723633
0.011132955551147461
0.009055376052856445
0.009774208068847656
0.01341700553894043
0.004289150238037109
0.004263639450073242
0.006043434143066406
0.024627208709716797
0.005685091018676758
0.003843069076538086
0.012167215347290039
0.01318669319152832
0.010311126708984375
0.009113550186157227
0.0034112930297851562
0.005957365036010742
0.007467746734619141
0.011612892150878906
0.008419513702392578
0.008719682693481445
0.007040739059448242
0.006128072738647461
0.013158321380615234
0.008941411972045898
0.009321451187133789
0.009627103805541992
0.0047149658203125
0.010406732559204102
0.058361053466796875
0.015563726425170898
0.008632659912109375
0.002578258514404297
0.012011528015136719
0.0038406848907470703
0.003215789794921875
0.00661921501159668
0.0075664520263671875
0.004683256149291992
0.005480766296386719
0.006716012954711914
0.011536598205566406
0.004094600677490234
0.005789279937744141
0.004669189453125
0.009992361068725586
0.018809080123901367
0.011181831359863281
0.005133152008056641
0.004062175750732422
0.010746002197265625
0.013467073440551758
0.0077915191650390625
0.004158973693847656
0.005125284194946289
0.012187957763671875
0.008674383163452148
0.00825643539428711
0.00734710693359375
0.011512517929077148
0.010780096054077148
0.004065036773681641
0.0035431385040283203
0.004137754440307617
0.02267003059387207
0.011181354522705078
0.003072023391723633
0.004680156707763672
0.010878801345825195
0.004366636276245117
0.009894371032714844
0.014109373092651367
0.0054166316986083984
0.003723621368408203
0.004293918609619141
0.0042765140533447266
0.015428304672241211
0.014879703521728516
0.022619009017944336
0.009932994842529297
0.004876613616943359
0.012629985809326172
0.0060079097747802734
0.010543584823608398
0.0033721923828125
0.00807809829711914
0.01090550422668457
0.012867450714111328
0.01418447494506836
0.011545181274414062
0.013917207717895508
0.006871938705444336
0.009526729583740234
0.013022422790527344
0.014261245727539062
0.015581846237182617
0.01627206802368164
0.006682634353637695
0.011052370071411133
0.006436824798583984
0.005018949508666992
0.007666826248168945
0.009486675262451172
0.004214286804199219
0.0059049129486083984
0.0076618194580078125
0.013353824615478516
0.006792545318603516
0.010901689529418945
0.00962519645690918
0.013189315795898438
0.006598472595214844
0.002168416976928711
0.0075836181640625
0.004720211029052734
0.004197835922241211
0.017835140228271484
0.004166126251220703
0.01447606086730957
0.006211996078491211
0.003267049789428711
0.014828681945800781
0.009546279907226562
0.006648540496826172
0.0038022994995117188
0.011529684066772461
0.007762908935546875
0.012540102005004883
0.008637428283691406
0.003259897232055664
0.007355690002441406
0.00918126106262207
0.009077787399291992
0.009527921676635742
0.006125926971435547
0.009822607040405273
0.0053348541259765625
0.002908945083618164
0.006575345993041992
0.010120630264282227
0.011074304580688477
0.002959728240966797
0.005605220794677734
0.005116462707519531
0.012603044509887695
0.005016326904296875
0.010046720504760742
0.00923919677734375
0.0057942867279052734
0.018351078033447266
0.006211757659912109
0.010100126266479492
0.005513429641723633
0.009585380554199219
0.014325141906738281
0.004654407501220703
0.00899052619934082
0.007848739624023438
0.0066606998443603516
0.006419658660888672
0.010774612426757812
0.008367300033569336
0.006761789321899414
0.01123189926147461
0.0053348541259765625
0.0060117244720458984
0.01907515525817871
0.003912687301635742
0.004624843597412109
0.00536036491394043
0.004768848419189453
0.014703512191772461
0.013538122177124023
0.011602163314819336
0.010074377059936523
0.004156827926635742
0.023611068725585938
0.004934549331665039
0.010394096374511719
0.005448341369628906
0.009277582168579102
0.004755973815917969
0.0028667449951171875
0.007981300354003906
0.00571894645690918
0.00996541976928711
0.008153438568115234
0.012249469757080078
0.004548549652099609
0.010265588760375977
0.008214473724365234
0.00988459587097168
0.011690378189086914
0.0034170150756835938
0.006633281707763672
0.021034955978393555
0.04624819755554199
0.026646137237548828
0.018265962600708008
0.041173696517944336
0.016071319580078125
0.008407831192016602
0.017417430877685547
0.01934647560119629
0.01377248764038086
0.01033329963684082
0.015941381454467773
0.004994630813598633
0.013959884643554688
0.009448766708374023
0.013133049011230469
0.005162239074707031
0.002872467041015625
0.008474588394165039
0.009955167770385742
0.0076446533203125
0.0042536258697509766
0.002528667449951172
0.008939266204833984
0.009717941284179688
0.010749101638793945
0.006554126739501953
0.016324520111083984
0.018500566482543945
0.006666898727416992
0.0202329158782959
0.013302326202392578
0.004307746887207031
0.022946596145629883
0.011476516723632812
0.026083707809448242
0.016737699508666992
0.01146388053894043
0.01963329315185547
0.00514984130859375
0.012873649597167969
0.004083156585693359
0.01238870620727539
0.023157358169555664
0.010316133499145508
0.011549711227416992
0.03239107131958008
0.00949859619140625
0.004797935485839844
0.00968313217163086
0.009732961654663086
0.004667758941650391
0.009562015533447266
0.0070421695709228516
0.006207704544067383
0.007047414779663086
0.01080942153930664
0.009299278259277344
0.005522489547729492
0.008344411849975586
0.007100343704223633
0.005888223648071289
0.007592439651489258
0.009837865829467773
0.012000799179077148
0.017750978469848633
0.005039215087890625
0.00562286376953125
0.00821828842163086
0.005544185638427734
0.0075833797454833984
0.003812074661254883
0.009207725524902344
0.004965066909790039
0.005167961120605469
0.013384103775024414
0.016532421112060547
0.011072635650634766
0.009123086929321289
0.00839543342590332
0.006823539733886719
0.014005899429321289
0.007684946060180664
0.010715246200561523
0.003996610641479492
0.01156163215637207
0.00521540641784668
0.011689186096191406
0.0027861595153808594
0.004868984222412109
0.006677389144897461
0.007235288619995117
0.010314464569091797
0.006381988525390625
0.002713441848754883
0.003676891326904297
0.018566131591796875
0.009067535400390625
0.010271549224853516
0.014254331588745117
0.01017141342163086
0.005115985870361328
0.007668018341064453
0.005505800247192383
0.010965347290039062
0.012789726257324219
0.0057604312896728516
0.00948333740234375
0.005104541778564453
0.004813671112060547
0.008379697799682617
0.013218164443969727
0.0037093162536621094
0.005036354064941406
0.01717376708984375
0.010889768600463867
0.007966995239257812
0.003512859344482422
0.007398366928100586
0.010686635971069336
0.014185905456542969
0.0038526058197021484
0.01288294792175293
0.012251615524291992
0.017477035522460938
0.006203413009643555
0.010380983352661133
0.005554914474487305
0.00977468490600586
0.0061190128326416016
0.0051136016845703125
0.013094186782836914
0.011305809020996094
0.006729602813720703
0.008750677108764648
0.005078554153442383
0.005787372589111328
0.005561351776123047
0.008628606796264648
0.008815526962280273
0.004185676574707031
0.007601499557495117
0.004121541976928711
0.003366708755493164
0.0053980350494384766
0.009060859680175781
0.004657745361328125
0.028418779373168945
0.01694631576538086
0.01829385757446289
0.02130746841430664
0.012726783752441406
0.022411823272705078
0.024262666702270508
0.01832127571105957
0.015842914581298828
0.026103496551513672
0.0291445255279541
0.009406805038452148
0.012610912322998047
0.010205745697021484
0.01354670524597168
0.009093046188354492
0.0074193477630615234
0.009850263595581055
0.010818004608154297
0.006589412689208984
0.010921955108642578
0.009733915328979492
0.010468244552612305
0.005414009094238281
0.004254817962646484
0.0036695003509521484
0.0029904842376708984
0.0052032470703125
0.0054590702056884766
0.006020069122314453
0.010849237442016602
0.002991199493408203
0.012811899185180664
0.006304740905761719
0.0037364959716796875
0.010210275650024414
0.014559030532836914
0.009906768798828125
0.011817693710327148
0.007885932922363281
0.009968280792236328
0.006571531295776367
0.020452260971069336
0.01674365997314453
0.006636857986450195
