0.00017762184143066406
0.00024175643920898438
0.0003452301025390625
0.00028705596923828125
0.0011165142059326172
0.0002636909484863281
0.0008242130279541016
0.001382589340209961
0.0004487037658691406
0.0018794536590576172
0.001298666000366211
0.0005514621734619141
0.00037097930908203125
0.0002498626708984375
0.00041174888610839844
0.0005202293395996094
5.745887756347656e-05
0.0001354217529296875
9.512901306152344e-05
0.0005595684051513672
0.00039577484130859375
0.00036835670471191406
0.0008141994476318359
0.0016372203826904297
0.00016760826110839844
0.00024080276489257812
0.00010251998901367188
0.0004067420959472656
0.00013971328735351562
0.0007376670837402344
0.0002090930938720703
0.0015821456909179688
0.0001857280731201172
0.0005714893341064453
0.0005512237548828125
0.0004525184631347656
0.0002224445343017578
0.0007567405700683594
0.0005214214324951172
0.00029277801513671875
0.00021266937255859375
0.00040030479431152344
0.0004639625549316406
0.0002465248107910156
0.0006537437438964844
0.0003314018249511719
0.00040268898010253906
0.00017118453979492188
0.0010476112365722656
0.0008780956268310547
0.0030684471130371094
0.0009365081787109375
0.0006515979766845703
0.00018358230590820312
0.00027298927307128906
0.0003609657287597656
0.0008933544158935547
0.0006885528564453125
0.00018644332885742188
0.00038242340087890625
0.00040841102600097656
0.0001456737518310547
0.0002357959747314453
0.0005288124084472656
0.000247955322265625
0.0003151893615722656
0.00026988983154296875
0.0004363059997558594
0.00019097328186035156
0.00026535987854003906
0.0003228187561035156
0.00018453598022460938
0.0002543926239013672
0.001062631607055664
0.0002429485321044922
0.0001900196075439453
0.0013308525085449219
0.00044417381286621094
9.369850158691406e-05
0.0003726482391357422
0.00010943412780761719
0.0008771419525146484
0.0007874965667724609
0.0005078315734863281
0.00044918060302734375
0.0005319118499755859
0.0002887248992919922
0.0001456737518310547
0.00026869773864746094
0.00037670135498046875
0.00037288665771484375
0.0006320476531982422
0.0005354881286621094
0.004312276840209961
0.0003135204315185547
0.00031566619873046875
0.00028634071350097656
0.00024366378784179688
0.00021028518676757812
0.0004630088806152344
0.00032639503479003906
0.0005857944488525391
0.0006349086761474609
0.00029587745666503906
0.001171112060546875
0.000606536865234375
0.0017082691192626953
0.00017380714416503906
0.00028514862060546875
0.00041675567626953125
0.0001595020294189453
0.0005028247833251953
0.0003752708435058594
0.0002894401550292969
0.0001232624053955078
0.0018630027770996094
0.00042510032653808594
0.0002868175506591797
0.0005452632904052734
0.0002560615539550781
0.0012586116790771484
0.0003154277801513672
0.0001270771026611328
0.0007901191711425781
0.0002694129943847656
0.0006515979766845703
0.0002872943878173828
0.0008976459503173828
0.0010094642639160156
0.0009763240814208984
0.0003268718719482422
0.000171661376953125
0.0006210803985595703
0.0002999305725097656
0.0007758140563964844
0.0002372264862060547
0.0018630027770996094
0.0001723766326904297
0.0005788803100585938
0.0005218982696533203
0.0004687309265136719
0.0008301734924316406
0.0009894371032714844
0.00030231475830078125
0.00046443939208984375
0.0011105537414550781
0.0006196498870849609
0.00032329559326171875
0.00042748451232910156
0.000789642333984375
0.00041294097900390625
0.0007145404815673828
0.00022268295288085938
0.0007867813110351562
0.0005834102630615234
0.0036296844482421875
0.00028228759765625
0.0005288124084472656
0.0007154941558837891
0.0005173683166503906
0.0002715587615966797
0.0010614395141601562
0.0008585453033447266
0.0003952980041503906
0.0007789134979248047
0.00017452239990234375
0.0007491111755371094
0.0002181529998779297
0.000457763671875
0.0005028247833251953
0.00040149688720703125
0.0002086162567138672
0.0003540515899658203
0.0002300739288330078
0.00032520294189453125
0.00019621849060058594
0.0004894733428955078
0.00032591819763183594
0.0005195140838623047
0.00042939186096191406
0.0002803802490234375
0.0005009174346923828
0.0002415180206298828
0.0005955696105957031
0.0008206367492675781
0.00019073486328125
0.00013303756713867188
0.0002961158752441406
0.0001723766326904297
0.00012993812561035156
0.00017118453979492188
0.00040721893310546875
0.0007398128509521484
0.0001766681671142578
0.0007331371307373047
0.0012011528015136719
0.0005390644073486328
0.0004680156707763672
0.0006308555603027344
0.0004496574401855469
0.0007669925689697266
0.0015034675598144531
0.00028395652770996094
0.00019502639770507812
0.0010728836059570312
0.0003490447998046875
0.0011103153228759766
0.0006849765777587891
0.00023627281188964844
0.001112222671508789
8.559226989746094e-05
0.0013592243194580078
0.0007469654083251953
0.00044918060302734375
0.0004165172576904297
0.0008993148803710938
0.00019884109497070312
0.0005443096160888672
0.0001823902130126953
0.0002655982971191406
0.00023436546325683594
0.0002636909484863281
0.0004668235778808594
0.0001709461212158203
0.0014393329620361328
0.0005195140838623047
0.001714468002319336
0.0007238388061523438
0.00033020973205566406
0.0006453990936279297
0.00033974647521972656
0.0005993843078613281
0.00017261505126953125
0.0007810592651367188
0.0009229183197021484
0.0004322528839111328
0.0002315044403076172
0.0008547306060791016
0.0006783008575439453
0.0001513957977294922
0.0002231597900390625
0.0002384185791015625
0.0004980564117431641
0.0004849433898925781
0.0003554821014404297
0.0004172325134277344
0.00029659271240234375
0.00034165382385253906
0.0003647804260253906
0.0005047321319580078
0.00044274330139160156
0.00017404556274414062
0.0005328655242919922
0.00016570091247558594
0.0004105567932128906
0.0005550384521484375
0.0004792213439941406
0.0012164115905761719
0.0002732276916503906
0.0003249645233154297
0.0003273487091064453
0.0005428791046142578
0.0006163120269775391
0.0002536773681640625
0.00067901611328125
0.0007467269897460938
0.00041365623474121094
0.00024080276489257812
0.0005624294281005859
0.0007138252258300781
0.0003726482391357422
0.0011448860168457031
0.0002529621124267578
0.00021505355834960938
0.00021576881408691406
0.0003795623779296875
0.000408172607421875
0.00012636184692382812
9.870529174804688e-05
0.0002002716064453125
0.00013709068298339844
0.0004398822784423828
0.0001697540283203125
0.0005471706390380859
0.0002472400665283203
0.00013375282287597656
0.00019359588623046875
0.00039076805114746094
0.0005917549133300781
0.0002460479736328125
0.0005908012390136719
0.00041031837463378906
0.00023293495178222656
0.0008168220520019531
0.00022029876708984375
0.000751495361328125
0.001981973648071289
0.0002913475036621094
0.00040650367736816406
0.0003542900085449219
0.00023674964904785156
0.0002865791320800781
0.0005280971527099609
0.0009047985076904297
0.0004627704620361328
0.000209808349609375
0.0004954338073730469
0.0002779960632324219
0.0004794597625732422
0.0004115104675292969
0.0005772113800048828
0.0004239082336425781
0.00029206275939941406
0.0003180503845214844
0.00023818016052246094
0.0005953311920166016
0.0006921291351318359
0.0007774829864501953
0.000335693359375
0.00015282630920410156
0.0001811981201171875
0.0006520748138427734
0.00043082237243652344
0.00024008750915527344
0.0002288818359375
0.0003559589385986328
0.00014972686767578125
0.0004277229309082031
0.00023746490478515625
0.0007503032684326172
0.0008344650268554688
0.00043272972106933594
0.0005738735198974609
0.00018739700317382812
0.0005276203155517578
0.00112152099609375
0.00041675567626953125
0.0005464553833007812
0.0004353523254394531
0.0006811618804931641
0.0016427040100097656
0.0004296302795410156
0.0004010200500488281
0.00030493736267089844
0.0006961822509765625
0.0009794235229492188
0.0004975795745849609
0.0001308917999267578
0.00012636184692382812
0.0009338855743408203
0.00020074844360351562
0.0003376007080078125
0.00023317337036132812
0.00017523765563964844
0.0012099742889404297
0.0005748271942138672
0.0001246929168701172
0.00017404556274414062
0.0004100799560546875
0.0004622936248779297
0.0004296302795410156
0.00025725364685058594
0.00012373924255371094
0.00012564659118652344
0.00031495094299316406
0.00037360191345214844
0.00023937225341796875
0.00018334388732910156
0.0006716251373291016
0.000186920166015625
0.00028252601623535156
0.0005846023559570312
0.00017380714416503906
0.0005567073822021484
0.0006210803985595703
0.00017642974853515625
0.00023674964904785156
0.0003046989440917969
0.0001609325408935547
0.00043201446533203125
0.0006339550018310547
0.0003409385681152344
0.0003497600555419922
0.000377655029296875
0.00021219253540039062
0.00019550323486328125
0.00045752525329589844
0.0003228187561035156
0.00017547607421875
0.0003063678741455078
0.0001342296600341797
0.0003237724304199219
0.0006682872772216797
0.0003333091735839844
0.0001628398895263672
0.00018143653869628906
0.00023102760314941406
9.369850158691406e-05
0.00022912025451660156
0.000705718994140625
0.0005059242248535156
0.0002269744873046875
0.0005400180816650391
0.001554727554321289
0.0011849403381347656
0.0002644062042236328
0.00023937225341796875
0.0002262592315673828
0.0003457069396972656
0.00030732154846191406
0.0004544258117675781
0.0002846717834472656
0.0004417896270751953
0.0002684593200683594
0.0005853176116943359
0.0002608299255371094
0.00017547607421875
0.0002048015594482422
0.00027871131896972656
0.0004658699035644531
0.0003705024719238281
0.0002849102020263672
0.00031685829162597656
0.0001373291015625
0.0001766681671142578
0.0004277229309082031
0.00032639503479003906
0.000335693359375
0.00018858909606933594
0.0005674362182617188
0.0005714893341064453
0.0003159046173095703
0.0004968643188476562
0.001039743423461914
0.001173257827758789
0.0004067420959472656
0.0008325576782226562
0.005408048629760742
0.0004277229309082031
0.00045609474182128906
0.0004620552062988281
0.007915735244750977
0.0004966259002685547
0.0006117820739746094
0.0010461807250976562
0.00038743019104003906
0.0010123252868652344
0.00012874603271484375
0.00040221214294433594
0.0002474784851074219
0.0006086826324462891
0.0007874965667724609
0.0005292892456054688
0.00012969970703125
0.0025932788848876953
0.0009729862213134766
0.0009250640869140625
0.0028214454650878906
0.0001239776611328125
0.0004112720489501953
0.0002372264862060547
0.0009179115295410156
0.00044989585876464844
0.0003497600555419922
0.0013284683227539062
0.0005362033843994141
0.0005486011505126953
0.0007612705230712891
0.0009605884552001953
0.00026702880859375
0.0003509521484375
0.0003533363342285156
0.000362396240234375
0.0006899833679199219
0.0003254413604736328
0.0007646083831787109
0.0007052421569824219
0.0005970001220703125
0.0016937255859375
8.845329284667969e-05
0.0008189678192138672
0.0006971359252929688
0.0011959075927734375
0.0003571510314941406
0.0012469291687011719
0.0006732940673828125
0.0002396106719970703
0.0001289844512939453
0.00027298927307128906
0.00043463706970214844
0.0005664825439453125
0.0005161762237548828
0.00042724609375
0.00018548965454101562
0.0003190040588378906
0.0007250308990478516
0.0011293888092041016
0.00027060508728027344
0.0005965232849121094
0.0004513263702392578
0.0017032623291015625
0.0010833740234375
0.002089977264404297
0.0016798973083496094
0.0012443065643310547
0.0011699199676513672
0.0014493465423583984
0.0024728775024414062
0.0023386478424072266
0.002260446548461914
0.0017125606536865234
0.003214597702026367
0.0026574134826660156
0.0016353130340576172
0.0031609535217285156
0.0021941661834716797
0.002785205841064453
0.0034041404724121094
0.003433704376220703
0.005425453186035156
0.005207061767578125
0.0017960071563720703
0.0017595291137695312
0.003912448883056641
0.0048367977142333984
0.0017275810241699219
0.0018835067749023438
0.0012714862823486328
0.0014607906341552734
0.0007796287536621094
0.001512765884399414
0.0035958290100097656
0.002409219741821289
0.0030715465545654297
0.0034317970275878906
0.002098560333251953
0.0039141178131103516
0.001407623291015625
0.0014271736145019531
0.004074573516845703
0.0018625259399414062
0.004080772399902344
0.0069811344146728516
0.003980398178100586
0.0019273757934570312
0.006087064743041992
0.0030655860900878906
0.0013926029205322266
0.006266593933105469
0.0011744499206542969
0.0021817684173583984
0.0020651817321777344
0.003467559814453125
0.00426483154296875
0.0028977394104003906
0.007866621017456055
0.0016591548919677734
0.001476287841796875
0.004760026931762695
0.010200738906860352
0.0028901100158691406
0.0061490535736083984
0.0011487007141113281
0.0016155242919921875
0.0012369155883789062
0.004289388656616211
0.003259420394897461
0.002521514892578125
0.0018203258514404297
0.003016233444213867
0.0012633800506591797
0.0033752918243408203
0.0021791458129882812
0.0019409656524658203
0.003313302993774414
0.0054395198822021484
0.0015106201171875
0.015560626983642578
0.0013918876647949219
0.0030107498168945312
0.001432657241821289
0.0008149147033691406
0.002377033233642578
0.0010190010070800781
0.0041234493255615234
0.003407716751098633
0.01358938217163086
0.002671480178833008
0.007750988006591797
0.008496284484863281
0.0050771236419677734
0.003695249557495117
0.002786874771118164
0.0013561248779296875
0.0022716522216796875
0.002398967742919922
0.0011479854583740234
0.0015339851379394531
0.0022335052490234375
0.003070354461669922
0.01104116439819336
0.007970094680786133
0.011665582656860352
0.002447366714477539
0.012036561965942383
0.0009779930114746094
0.004822731018066406
0.004295825958251953
0.0038671493530273438
0.0008997917175292969
0.004858255386352539
0.002111196517944336
0.0033164024353027344
0.006052255630493164
0.00669550895690918
0.0006339550018310547
0.007607460021972656
0.0017189979553222656
0.0011417865753173828
0.0014827251434326172
0.0016465187072753906
0.0010454654693603516
0.0013039112091064453
0.0041961669921875
0.0025730133056640625
0.0011639595031738281
0.0019299983978271484
0.0019876956939697266
0.00401616096496582
0.0022301673889160156
0.0008552074432373047
0.002456188201904297
0.0014066696166992188
0.002338409423828125
0.000812530517578125
0.001638650894165039
0.004690647125244141
0.003854513168334961
0.002736806869506836
0.0020453929901123047
0.0007970333099365234
0.002256631851196289
0.0020105838775634766
0.0024614334106445312
0.0032396316528320312
0.0022284984588623047
0.001806497573852539
0.0032389163970947266
0.0019588470458984375
0.0016477108001708984
0.0043010711669921875
0.0009756088256835938
0.0008385181427001953
0.00650787353515625
0.0006401538848876953
0.0019085407257080078
0.0028672218322753906
0.0016639232635498047
0.004495859146118164
0.0032100677490234375
0.004002809524536133
0.010952234268188477
0.005156040191650391
0.0011892318725585938
0.0011746883392333984
0.003941774368286133
0.0030269622802734375
0.000911712646484375
0.0025560855865478516
0.0013856887817382812
0.0009775161743164062
0.001268148422241211
0.0020492076873779297
0.007471799850463867
0.006229400634765625
0.0036067962646484375
0.002235889434814453
0.004277706146240234
0.005484819412231445
0.003278493881225586
0.004495859146118164
0.0061414241790771484
0.003605365753173828
0.004487276077270508
0.007507801055908203
0.0028722286224365234
0.00261688232421875
0.0010271072387695312
0.0029172897338867188
0.0013794898986816406
0.0035898685455322266
0.0026428699493408203
0.001062154769897461
0.001420736312866211
0.0014104843139648438
0.001636505126953125
0.0011718273162841797
0.0013911724090576172
0.0011909008026123047
0.0014443397521972656
0.0014252662658691406
0.0013885498046875
0.0019211769104003906
0.0050506591796875
0.0034155845642089844
0.0023648738861083984
0.004736661911010742
0.002119302749633789
0.0019550323486328125
0.001432657241821289
0.002833843231201172
0.0009608268737792969
0.0009584426879882812
0.0013751983642578125
0.0008466243743896484
0.0018236637115478516
0.0022590160369873047
0.008413076400756836
0.0006635189056396484
0.0030083656311035156
0.004933357238769531
0.009133100509643555
0.0014677047729492188
0.0041446685791015625
0.0013165473937988281
0.001249551773071289
0.0020928382873535156
0.0019631385803222656
0.0018825531005859375
0.0043354034423828125
0.002744913101196289
0.004305124282836914
0.004721403121948242
0.0011866092681884766
0.003631114959716797
0.0018396377563476562
0.001772165298461914
0.0014166831970214844
0.003536701202392578
0.0019271373748779297
0.00394439697265625
0.0038003921508789062
0.003789663314819336
0.00628662109375
0.01007080078125
0.004025459289550781
0.004972219467163086
0.004301786422729492
0.0032236576080322266
0.003105640411376953
0.0025780200958251953
0.0039708614349365234
0.0025031566619873047
0.0020751953125
0.003689289093017578
0.004733085632324219
0.003354787826538086
0.004028797149658203
0.002111196517944336
0.001390695571899414
0.0009605884552001953
0.008460760116577148
0.003039121627807617
0.0030465126037597656
0.0009610652923583984
0.002576112747192383
0.0016751289367675781
0.0008151531219482422
0.0009675025939941406
0.002442598342895508
0.0039598941802978516
0.00157928466796875
0.0016684532165527344
0.0025720596313476562
0.002010822296142578
0.0027000904083251953
0.0025551319122314453
0.0018122196197509766
0.003773927688598633
0.002165555953979492
0.0032608509063720703
0.005162954330444336
0.001215219497680664
0.002091646194458008
0.0004489421844482422
0.0029268264770507812
0.002912759780883789
0.0005424022674560547
0.002079010009765625
0.0016717910766601562
0.003268718719482422
0.0023779869079589844
0.002433300018310547
0.0010895729064941406
0.0015420913696289062
0.0011568069458007812
0.007761955261230469
0.002744436264038086
0.003484964370727539
0.007571220397949219
0.004492521286010742
0.003371715545654297
0.0022628307342529297
0.0009675025939941406
0.0012443065643310547
0.002043485641479492
0.004750251770019531
0.008456945419311523
0.0034012794494628906
0.006902217864990234
0.001455068588256836
0.005437612533569336
0.0035495758056640625
0.0031049251556396484
0.004270315170288086
0.003206014633178711
0.002378702163696289
0.0059359073638916016
0.007041454315185547
0.007501363754272461
0.004236936569213867
0.004544496536254883
0.0011801719665527344
0.003462553024291992
0.0016198158264160156
0.001413583755493164
0.003718137741088867
0.0029382705688476562
0.002596139907836914
0.0009567737579345703
0.001466989517211914
0.0012288093566894531
0.0007264614105224609
0.0013332366943359375
0.0025882720947265625
0.015954256057739258
0.016333580017089844
0.0027985572814941406
0.0028867721557617188
0.005164146423339844
0.002290487289428711
0.0013687610626220703
0.009360551834106445
0.0037539005279541016
0.001659393310546875
0.001459360122680664
0.00508880615234375
0.0011603832244873047
0.001943349838256836
0.0012218952178955078
0.002443552017211914
0.006212472915649414
0.004732370376586914
0.004391193389892578
0.008105754852294922
0.0016338825225830078
0.007352113723754883
0.004961729049682617
0.006291389465332031
0.0027327537536621094
0.002363443374633789
0.0010364055633544922
0.008756637573242188
0.0020105838775634766
0.005924701690673828
0.0005865097045898438
0.008339881896972656
0.0024313926696777344
0.0032074451446533203
0.0036478042602539062
0.003988027572631836
0.012708663940429688
0.0022056102752685547
0.0016922950744628906
0.0025403499603271484
0.0040130615234375
0.0016176700592041016
0.0019512176513671875
0.014760732650756836
0.016021251678466797
0.001836538314819336
0.016247034072875977
0.0032024383544921875
0.0029554367065429688
0.0018167495727539062
0.007012844085693359
0.003885507583618164
0.011843681335449219
0.014863967895507812
0.0032143592834472656
0.0033600330352783203
0.013380050659179688
0.0021054744720458984
0.0027914047241210938
0.0032508373260498047
0.0022764205932617188
0.0022161006927490234
0.001680612564086914
0.0011718273162841797
0.0009698867797851562
0.00967860221862793
0.00723719596862793
0.003756284713745117
0.0014772415161132812
0.0072863101959228516
0.0018024444580078125
0.0060689449310302734
0.0015048980712890625
0.0022509098052978516
0.004691123962402344
0.0016472339630126953
0.0011601448059082031
0.0020530223846435547
0.0023670196533203125
0.0049059391021728516
0.0027942657470703125
0.000982046127319336
0.0020627975463867188
0.002833127975463867
0.0043163299560546875
0.002100706100463867
0.0009677410125732422
0.004621982574462891
0.0012743473052978516
0.005948781967163086
0.001233816146850586
0.007971763610839844
0.004993438720703125
0.0016756057739257812
0.006683349609375
0.0027952194213867188
0.004023313522338867
0.0032498836517333984
0.008672952651977539
0.0014090538024902344
0.006565570831298828
0.005639076232910156
0.0019795894622802734
0.0037565231323242188
0.004508256912231445
0.003226041793823242
0.0019419193267822266
0.0011851787567138672
0.006578207015991211
0.002409696578979492
0.005323171615600586
0.006833076477050781
0.004818439483642578
0.0021080970764160156
0.005837440490722656
0.0022149085998535156
0.002384185791015625
0.006280660629272461
0.003565549850463867
0.008461475372314453
0.0026159286499023438
0.009601831436157227
0.009484052658081055
0.004618406295776367
0.007357597351074219
0.0013823509216308594
0.014124631881713867
0.016457796096801758
0.016858816146850586
0.0024623870849609375
0.0018954277038574219
0.003712177276611328
0.0008907318115234375
0.0033190250396728516
0.0014278888702392578
0.002351999282836914
0.004720926284790039
0.005907773971557617
0.002602100372314453
0.0019826889038085938
0.0043468475341796875
0.0015320777893066406
0.0023088455200195312
0.010662078857421875
0.0023124217987060547
0.00491023063659668
0.016131877899169922
0.0024068355560302734
0.00494837760925293
0.004512786865234375
0.005654096603393555
0.003228902816772461
0.003300905227661133
0.0013132095336914062
0.007930755615234375
0.007669687271118164
0.003640413284301758
0.002597332000732422
0.0027086734771728516
0.005593299865722656
0.002988100051879883
0.004936933517456055
0.008753538131713867
0.0026819705963134766
0.01097559928894043
0.00795292854309082
0.006291627883911133
0.011693954467773438
0.012537717819213867
0.004719734191894531
0.013785600662231445
0.008689403533935547
0.0033674240112304688
0.004125356674194336
0.02083897590637207
0.020613431930541992
0.0034835338592529297
0.012450933456420898
0.01391291618347168
0.0132293701171875
0.04523134231567383
0.0220339298248291
0.019934654235839844
0.009893178939819336
0.015793561935424805
0.024534225463867188
0.030717849731445312
0.02192401885986328
0.04577994346618652
0.013981342315673828
0.01936507225036621
0.0077800750732421875
0.004984378814697266
0.006589651107788086
0.005669355392456055
0.015509605407714844
0.014273643493652344
0.010574579238891602
0.020548105239868164
0.012379169464111328
0.012112140655517578
0.004728794097900391
0.0062770843505859375
0.012388229370117188
0.008585929870605469
0.013758182525634766
0.015989303588867188
0.012779474258422852
0.011858224868774414
0.005308389663696289
0.013074874877929688
0.006918668746948242
0.01635575294494629
0.0055484771728515625
0.0128173828125
0.005369901657104492
0.004397869110107422
0.010545730590820312
0.0063478946685791016
0.0061032772064208984
0.007065296173095703
0.010116100311279297
0.006675004959106445
0.021605730056762695
0.04642939567565918
0.006682634353637695
0.010906219482421875
0.018893718719482422
0.02289581298828125
0.019873619079589844
0.017920732498168945
0.01595163345336914
0.011779069900512695
0.016062498092651367
0.021646738052368164
0.0359346866607666
0.02308940887451172
0.009116172790527344
0.009278059005737305
0.013887643814086914
0.01538705825805664
0.014193534851074219
0.013175487518310547
0.012038946151733398
0.008421182632446289
0.009847640991210938
0.012566566467285156
0.0029480457305908203
0.012502193450927734
0.01003265380859375
0.006298065185546875
0.012446403503417969
0.013071298599243164
0.010973215103149414
0.0067234039306640625
0.01318812370300293
0.008766651153564453
0.005644559860229492
0.001913309097290039
0.009079217910766602
0.012364387512207031
0.014417886734008789
0.00733184814453125
0.005364656448364258
0.012645721435546875
0.011222124099731445
0.010853290557861328
0.01124715805053711
0.007262229919433594
0.01822805404663086
0.01014256477355957
0.003924846649169922
0.005487203598022461
0.009757518768310547
0.010308027267456055
0.0068378448486328125
0.004749774932861328
0.00974726676940918
0.005627155303955078
0.008446693420410156
0.011261940002441406
0.01283121109008789
0.01003718376159668
0.00795125961303711
0.008287429809570312
0.01591801643371582
0.009038925170898438
0.007843017578125
0.0068399906158447266
0.013448476791381836
0.013833999633789062
0.0047779083251953125
0.009701728820800781
0.0036399364471435547
0.007795095443725586
0.020100831985473633
0.015126466751098633
0.013545751571655273
0.008844852447509766
0.015255451202392578
0.008970022201538086
0.014602184295654297
0.009779930114746094
0.004415273666381836
0.009777307510375977
0.01125478744506836
0.009495973587036133
0.045464515686035156
0.01516270637512207
0.009167909622192383
0.007938385009765625
0.016271114349365234
0.0037682056427001953
0.004276752471923828
0.010381460189819336
0.005370140075683594
0.0062105655670166016
0.0035247802734375
0.005464076995849609
0.013380050659179688
0.004994392395019531
0.0067555904388427734
0.006367683410644531
0.007138967514038086
0.013278484344482422
0.0062754154205322266
0.011873722076416016
0.007260799407958984
0.009969472885131836
0.013049602508544922
0.006367206573486328
0.0054874420166015625
0.009603023529052734
0.010114669799804688
0.009094715118408203
0.0056760311126708984
0.002887248992919922
0.008006811141967773
0.01044917106628418
0.007456779479980469
0.005570173263549805
0.00965428352355957
0.009921550750732422
0.010012149810791016
0.0024154186248779297
0.004563570022583008
0.003350496292114258
0.008197546005249023
0.005852699279785156
0.011194705963134766
0.01010584831237793
0.00478053092956543
0.010097265243530273
0.013672590255737305
0.019088029861450195
0.006366729736328125
0.015302896499633789
0.012487649917602539
0.0066831111907958984
0.013064146041870117
0.010158777236938477
0.008645772933959961
0.002290964126586914
0.003960847854614258
0.012863874435424805
0.014314651489257812
0.014378547668457031
0.009401321411132812
0.01663374900817871
0.0063495635986328125
0.0046002864837646484
0.010562658309936523
0.014557600021362305
0.016823291778564453
0.019448280334472656
0.014234066009521484
0.0036771297454833984
0.005305051803588867
0.006742715835571289
0.012175321578979492
0.013816595077514648
0.006806373596191406
0.006201505661010742
0.0046803951263427734
0.006058931350708008
0.008693695068359375
0.0069065093994140625
0.012165307998657227
0.014986991882324219
0.004205226898193359
0.002771139144897461
0.012504339218139648
0.008339881896972656
0.007798910140991211
0.007949113845825195
0.009066343307495117
0.009212732315063477
0.01145029067993164
0.003843069076538086
0.008556604385375977
0.00490570068359375
0.0037717819213867188
0.009719610214233398
0.010176420211791992
0.013725519180297852
0.011018753051757812
0.003571033477783203
0.003326892852783203
0.011661767959594727
0.018721580505371094
0.0036864280700683594
0.007599830627441406
0.005767345428466797
0.00598454475402832
0.008315563201904297
0.002397775650024414
0.00875401496887207
0.006147146224975586
0.0052831172943115234
0.004904747009277344
0.005722522735595703
0.00939321517944336
0.011124849319458008
0.008785486221313477
0.006311655044555664
0.01510167121887207
0.00755763053894043
0.01977992057800293
0.013157367706298828
0.009189367294311523
0.006754398345947266
0.004773378372192383
0.014236688613891602
0.010207176208496094
0.005513429641723633
0.007647037506103516
0.007782697677612305
0.009596586227416992
0.010639667510986328
0.010220527648925781
0.007033824920654297
0.01143193244934082
0.010715007781982422
0.012150287628173828
0.015331745147705078
0.008402347564697266
0.01189279556274414
0.009848594665527344
0.013881444931030273
0.008191823959350586
0.010315179824829102
0.01313638687133789
0.010822057723999023
0.010374784469604492
0.015450477600097656
0.009525775909423828
0.011963844299316406
0.00910043716430664
0.01308131217956543
0.008625984191894531
0.0030684471130371094
0.005360126495361328
0.006489753723144531
0.008524417877197266
0.004472970962524414
0.012890815734863281
0.004747629165649414
0.0053882598876953125
0.008925676345825195
0.009111166000366211
0.009930610656738281
0.003046751022338867
0.01212620735168457
0.030596494674682617
0.03426051139831543
0.006947517395019531
0.015049219131469727
0.031193971633911133
0.009659051895141602
0.0078582763671875
0.025542497634887695
0.016951799392700195
0.007649898529052734
0.009871244430541992
0.011462688446044922
0.009581327438354492
0.006302356719970703
0.012225866317749023
0.013720035552978516
0.01019430160522461
0.0030617713928222656
0.009052753448486328
0.0059359073638916016
0.012359142303466797
0.005282878875732422
0.0025637149810791016
0.008989572525024414
0.0067594051361083984
0.0065462589263916016
0.007018566131591797
0.015896081924438477
0.009584188461303711
0.00443267822265625
0.01422262191772461
0.014271974563598633
0.008929967880249023
0.027405261993408203
0.012440204620361328
0.011215925216674805
0.01571941375732422
0.012426614761352539
0.015814781188964844
0.011534452438354492
0.013402700424194336
0.0045163631439208984
0.013649463653564453
0.024921655654907227
0.009464025497436523
0.009426593780517578
0.01631951332092285
0.013284444808959961
0.008773088455200195
0.014517068862915039
0.00624847412109375
0.008535385131835938
0.014837026596069336
0.01038360595703125
0.013563156127929688
0.012668371200561523
0.009638071060180664
0.012670040130615234
0.00655817985534668
0.010810375213623047
0.003789663314819336
0.008784294128417969
0.011414766311645508
0.004658937454223633
0.013931751251220703
0.018131256103515625
0.006833314895629883
0.007616281509399414
0.012066841125488281
0.010082483291625977
0.005068063735961914
0.007058858871459961
0.005517244338989258
0.004299163818359375
0.011392831802368164
0.01498723030090332
0.015548467636108398
0.010409355163574219
0.00594329833984375
0.01543426513671875
0.011385917663574219
0.016817331314086914
0.010960817337036133
0.012489557266235352
0.005544424057006836
0.006591081619262695
0.009275674819946289
0.013797760009765625
0.003210783004760742
0.008886575698852539
0.005689382553100586
0.007079601287841797
0.008635759353637695
0.010419130325317383
0.004311800003051758
0.003031492233276367
0.015713214874267578
0.005656003952026367
0.02244734764099121
0.011757850646972656
0.0058977603912353516
0.009515047073364258
0.00782322883605957
0.007384538650512695
0.011435270309448242
0.008387327194213867
0.0065326690673828125
0.008547067642211914
0.008161306381225586
0.005033969879150391
0.0058345794677734375
0.01240849494934082
0.004662275314331055
0.007880687713623047
0.017553329467773438
0.012419700622558594
0.006726264953613281
0.0033783912658691406
0.009303808212280273
0.007788181304931641
0.015000104904174805
0.00484156608581543
0.018524646759033203
0.008745193481445312
0.006721973419189453
0.012456893920898438
0.008257150650024414
0.005342960357666016
0.007607221603393555
0.005718231201171875
0.00802469253540039
0.015897274017333984
0.00951528549194336
0.013131856918334961
0.006237506866455078
0.008960723876953125
0.006626605987548828
0.006266117095947266
0.0055048465728759766
0.004835367202758789
0.005208015441894531
0.005157470703125
0.006733894348144531
0.0046918392181396484
0.00779414176940918
0.012567996978759766
0.007861137390136719
0.03861260414123535
0.021436452865600586
0.009631872177124023
0.01974773406982422
0.005950450897216797
0.01843857765197754
0.01793384552001953
0.01942753791809082
0.005014896392822266
0.010651588439941406
0.01935291290283203
0.0033745765686035156
0.014933586120605469
0.0058116912841796875
0.010236740112304688
0.006943702697753906
0.007376432418823242
0.009650468826293945
0.011944055557250977
0.010302066802978516
0.008504390716552734
0.00622248649597168
0.015631437301635742
0.009082317352294922
0.013436555862426758
0.0035028457641601562
0.003925800323486328
0.005799293518066406
0.008233308792114258
0.009175777435302734
0.011190652847290039
0.0039560794830322266
0.010679006576538086
0.012672901153564453
0.00518035888671875
0.013885498046875
0.0156707763671875
0.006006717681884766
0.009948253631591797
0.014585494995117188
0.007200717926025391
0.008639335632324219
0.024695158004760742
0.008139610290527344
0.010779857635498047
